cycle,Population_size,Deleterious_muts,Beneficial_muts,Mean_fitness,Intrinsic_fitness
1,1000,0,0,1.0,1.0
101,734,1978,26,0.50457,0.370354
201,715,2003,36,0.51488,0.368139
301,665,2004,36,0.532637,0.354203
401,664,2035,45,0.514146,0.341393
501,706,2021,41,0.539534,0.380911
601,682,1986,43,0.515307,0.351439
701,701,2130,38,0.521657,0.365681
801,665,2105,43,0.535047,0.355806
901,620,2005,44,0.525742,0.32596
1001,641,2059,56,0.521477,0.334267
1101,667,2041,54,0.52747,0.351823
1201,676,2142,50,0.535903,0.36227
1301,671,2113,47,0.524266,0.351782
1401,646,2067,56,0.516468,0.333638
1501,722,2130,54,0.556888,0.402073
1601,696,2122,53,0.533214,0.371117
1701,662,2096,50,0.533981,0.353495
1801,654,2120,51,0.519324,0.339638
1901,662,2055,59,0.509921,0.337568
2001,653,2197,57,0.534558,0.349067
2101,684,2164,59,0.560374,0.383296
2201,659,2127,56,0.4958,0.326732
2301,683,2181,62,0.513202,0.350517
2401,685,2135,55,0.508401,0.348255
2501,644,2155,53,0.530201,0.341449
2601,615,2063,60,0.530841,0.326467
2701,664,2122,61,0.509147,0.338074
2801,641,2087,61,0.545079,0.349395
2901,675,2099,74,0.533089,0.359835
3001,672,2167,79,0.53195,0.35747
3101,685,2127,67,0.526273,0.360497
3201,683,2112,68,0.566439,0.386878
3301,637,2074,58,0.538774,0.343199
3401,672,2191,66,0.518901,0.348701
3501,680,2183,73,0.522588,0.35536
3601,644,2141,59,0.51327,0.330546
3701,673,2151,71,0.532318,0.35825
3801,692,2182,58,0.533208,0.36898
3901,636,2194,57,0.509049,0.323755
4001,674,2204,55,0.491804,0.331476
4101,692,2165,69,0.517099,0.357833
4201,673,2160,61,0.530581,0.357081
4301,682,2076,65,0.5381,0.366984
4401,675,2120,70,0.534932,0.361079
4501,657,2128,79,0.559108,0.367334
4601,680,2202,67,0.50666,0.344529
4701,667,2203,65,0.513611,0.342579
4801,682,2217,67,0.527837,0.359985
4901,667,2153,70,0.518891,0.3461
5001,685,2192,74,0.521542,0.357256
5101,613,2142,76,0.523264,0.320761
5201,652,2172,76,0.513299,0.334671
5301,674,2186,69,0.524024,0.353192
5401,652,2087,78,0.533351,0.347745
5501,650,2138,66,0.532872,0.346367
5601,631,2279,65,0.513659,0.324119
5701,661,2166,66,0.514664,0.340193
5801,600,2136,70,0.535497,0.321298
5901,678,2238,75,0.524442,0.355571
6001,682,2211,75,0.541835,0.369532
6101,657,2117,71,0.496658,0.326304
6201,651,2152,75,0.52755,0.343435
6301,634,2102,66,0.512514,0.324934
6401,621,2048,74,0.51761,0.321436
6501,675,2147,54,0.531272,0.358609
6601,665,2184,62,0.497968,0.331149
6701,651,2162,74,0.555382,0.361553
6801,630,2103,74,0.53082,0.334417
6901,642,2167,70,0.518401,0.332814
7001,663,2204,70,0.529772,0.351239
7101,661,2072,70,0.541278,0.357785
7201,711,2161,68,0.523512,0.372217
7301,674,2234,77,0.508807,0.342936
7401,700,2203,83,0.540125,0.378087
7501,700,2235,73,0.5352,0.37464
7601,684,2226,74,0.513869,0.351487
7701,667,2176,82,0.517382,0.345094
7801,651,2121,76,0.541453,0.352486
7901,688,2186,79,0.548543,0.377398
8001,711,2287,84,0.515578,0.366576
8101,697,2129,79,0.508464,0.3544
8201,686,2219,84,0.535559,0.367394
8301,687,2108,81,0.573239,0.393815
8401,689,2261,81,0.51533,0.355062
8501,654,2228,79,0.507448,0.331871
8601,633,2239,85,0.490822,0.31069
8701,670,2145,81,0.527317,0.353302
8801,688,2235,91,0.522411,0.359419
8901,682,2124,78,0.515904,0.351847
9001,656,2183,84,0.530046,0.34771
9101,645,2211,87,0.508796,0.328174
9201,654,2174,94,0.513961,0.33613
9301,675,2160,89,0.549718,0.37106
9401,651,2266,86,0.509797,0.331878
9501,690,2330,81,0.503313,0.347286
9601,653,2206,76,0.535789,0.34987
9701,665,2277,90,0.49807,0.331217
9801,658,2147,78,0.54203,0.356656
9901,656,2202,81,0.512594,0.336262
10001,654,2177,92,0.544783,0.356288
10101,674,2267,104,0.498378,0.335907
10201,702,2168,93,0.532393,0.37374
10301,660,2211,102,0.522052,0.344554
10401,691,2155,94,0.531936,0.367568
10501,703,2305,95,0.54883,0.385828
10601,692,2145,101,0.532795,0.368694
10701,653,2216,93,0.52683,0.34402
10801,646,2193,115,0.496623,0.320819
10901,691,2243,106,0.525009,0.362781
11001,671,2327,100,0.523651,0.35137
11101,672,2245,116,0.551832,0.370831
11201,693,2332,105,0.502483,0.348221
11301,676,2268,106,0.534764,0.361501
11401,695,2310,105,0.514758,0.357757
11501,696,2281,105,0.520728,0.362427
11601,728,2327,101,0.530804,0.386426
11701,667,2263,117,0.519133,0.346262
11801,711,2330,107,0.53331,0.379184
11901,682,2314,125,0.531859,0.362728
12001,698,2297,122,0.559612,0.390609
12101,662,2255,128,0.536397,0.355095
12201,677,2326,124,0.536892,0.363476
12301,683,2345,127,0.531511,0.363022
12401,679,2357,125,0.514635,0.349437
12501,654,2277,128,0.5637,0.36866
12601,691,2261,125,0.556638,0.384637
12701,663,2281,127,0.50833,0.337023
12801,702,2237,137,0.548767,0.385235
12901,672,2331,120,0.531475,0.357151
13001,674,2319,123,0.543896,0.366586
13101,701,2359,125,0.523839,0.367211
13201,676,2247,129,0.504998,0.341378
13301,676,2317,132,0.513214,0.346932
13401,670,2375,124,0.517194,0.34652
13501,721,2363,119,0.527795,0.38054
13601,690,2247,128,0.548936,0.378766
13701,662,2272,131,0.519418,0.343855
13801,680,2276,125,0.514767,0.350042
13901,674,2343,115,0.535879,0.361183
14001,689,2369,116,0.528998,0.364479
14101,712,2379,121,0.554621,0.39489
14201,689,2415,120,0.519234,0.357753
14301,703,2445,119,0.497562,0.349786
14401,695,2315,119,0.540977,0.375979
14501,680,2319,124,0.51564,0.350635
14601,660,2408,123,0.513268,0.338757
14701,677,2267,125,0.506019,0.342575
14801,682,2279,130,0.527061,0.359455
14901,704,2343,120,0.53787,0.37866
15001,631,2214,126,0.52106,0.328789
15101,672,2411,124,0.51277,0.344581
15201,724,2310,127,0.546075,0.395358
15301,682,2284,134,0.505979,0.345078
15401,663,2343,137,0.519844,0.344657
15501,678,2334,129,0.528408,0.35826
15601,700,2369,123,0.526951,0.368866
15701,747,2352,133,0.505971,0.37796
15801,658,2321,126,0.521151,0.342918
15901,704,2435,144,0.510428,0.359341
16001,701,2383,129,0.541177,0.379365
16101,720,2455,146,0.526413,0.379017
16201,678,2288,132,0.535021,0.362744
16301,712,2332,137,0.524832,0.37368
16401,698,2380,147,0.526744,0.367667
16501,684,2317,142,0.519854,0.35558
16601,710,2390,141,0.514607,0.365371
16701,710,2372,141,0.508204,0.360825
16801,726,2382,143,0.538749,0.391132
16901,697,2336,144,0.555691,0.387317
17001,714,2466,140,0.51307,0.366332
17101,702,2447,144,0.524237,0.368014
17201,667,2378,136,0.497337,0.331724
17301,730,2427,136,0.525785,0.383823
17401,729,2368,139,0.529708,0.386157
17501,734,2451,140,0.521996,0.383145
17601,707,2446,141,0.509825,0.360446
17701,712,2348,143,0.524678,0.37357
17801,714,2389,137,0.523041,0.373451
17901,687,2413,151,0.518187,0.355994
18001,758,2404,150,0.502538,0.380924
18101,692,2303,151,0.515013,0.356389
18201,718,2355,155,0.529521,0.380196
18301,697,2375,154,0.537765,0.374822
18401,679,2341,145,0.501126,0.340265
18501,665,2372,148,0.514073,0.341858
18601,724,2346,159,0.546626,0.395757
18701,712,2416,158,0.534146,0.380312
18801,723,2370,156,0.519434,0.375551
18901,718,2463,155,0.492165,0.353374
19001,696,2416,150,0.533466,0.371292
19101,732,2399,148,0.513196,0.375659
19201,691,2319,162,0.531076,0.366974
19301,718,2389,161,0.51921,0.372793
19401,681,2352,144,0.51983,0.354004
19501,693,2407,159,0.526051,0.364553
19601,685,2421,160,0.509006,0.348669
19701,694,2361,153,0.538321,0.373595
19801,674,2332,155,0.526547,0.354893
19901,732,2408,147,0.569672,0.417
20001,727,2450,152,0.503932,0.366359
20101,671,2374,164,0.535179,0.359105
20201,681,2433,171,0.514102,0.350103
20301,699,2452,163,0.544141,0.380354
20401,687,2351,161,0.547279,0.375981
20501,692,2397,164,0.516796,0.357623
20601,706,2380,161,0.527551,0.372451
20701,744,2462,174,0.528392,0.393124
20801,708,2474,160,0.498611,0.353017
20901,737,2479,161,0.537138,0.395871
21001,698,2361,168,0.529927,0.369889
21101,754,2544,154,0.53859,0.406097
21201,722,2525,160,0.545203,0.393637
21301,714,2478,158,0.523455,0.373747
21401,725,2427,169,0.530961,0.384947
21501,694,2405,166,0.522317,0.362488
21601,710,2497,159,0.53776,0.38181
21701,712,2415,168,0.574758,0.409227
21801,686,2420,157,0.521771,0.357935
21901,714,2429,171,0.533512,0.380928
22001,730,2449,161,0.529581,0.386594
22101,747,2478,166,0.533375,0.398431
22201,772,2510,167,0.522147,0.403098
22301,716,2465,165,0.543396,0.389072
22401,707,2456,174,0.522819,0.369633
22501,687,2533,166,0.535412,0.367828
22601,688,2337,161,0.528491,0.363602
22701,728,2450,179,0.507168,0.369218
22801,715,2421,160,0.523197,0.374086
22901,697,2383,177,0.524164,0.365343
23001,720,2466,162,0.53864,0.387821
23101,710,2451,176,0.541104,0.384184
23201,735,2538,163,0.538644,0.395904
23301,703,2482,175,0.539291,0.379121
23401,736,2484,167,0.511502,0.376465
23501,691,2462,175,0.547297,0.378182
23601,666,2431,178,0.51257,0.341371
23701,719,2490,177,0.48707,0.350204
23801,700,2478,169,0.531998,0.372398
23901,726,2485,164,0.532489,0.386587
24001,738,2595,173,0.510753,0.376936
24101,690,2475,167,0.526352,0.363183
24201,681,2542,164,0.512071,0.34872
24301,702,2401,176,0.551373,0.387064
24401,744,2542,187,0.509903,0.379368
24501,760,2594,190,0.49977,0.379825
24601,719,2527,180,0.541748,0.389517
24701,709,2523,178,0.552717,0.391876
24801,702,2531,183,0.51493,0.361481
24901,773,2558,181,0.512429,0.396107
25001,745,2525,172,0.523352,0.389897
25101,696,2483,185,0.530921,0.369521
25201,713,2557,172,0.550378,0.39242
25301,711,2455,179,0.521984,0.371131
25401,703,2481,187,0.534771,0.375944
25501,716,2492,187,0.504227,0.361027
25601,744,2481,174,0.539757,0.401579
25701,710,2510,179,0.532983,0.378418
25801,729,2492,185,0.5304,0.386662
25901,689,2487,181,0.533947,0.36789
26001,743,2493,175,0.538274,0.399937
26101,678,2440,183,0.529673,0.359118
26201,719,2488,180,0.537668,0.386583
26301,726,2492,178,0.519681,0.377289
26401,714,2518,183,0.529277,0.377904
26501,725,2531,188,0.503986,0.36539
26601,748,2518,195,0.52528,0.39291
26701,725,2480,183,0.544098,0.394471
26801,702,2562,182,0.510331,0.358252
26901,711,2434,195,0.535206,0.380531
27001,755,2518,196,0.519047,0.391881
27101,691,2611,188,0.505931,0.349598
27201,758,2569,190,0.533234,0.404191
27301,703,2428,182,0.54962,0.386383
27401,710,2431,195,0.519974,0.369182
27501,702,2514,190,0.522962,0.367119
27601,715,2481,210,0.516077,0.368995
27701,705,2542,189,0.515486,0.363417
27801,692,2544,197,0.532012,0.368153
27901,762,2536,188,0.52479,0.39989
28001,737,2430,202,0.534356,0.39382
28101,709,2523,211,0.508524,0.360543
28201,697,2437,204,0.521242,0.363305
28301,731,2515,198,0.525564,0.384187
28401,726,2505,197,0.530674,0.385269
28501,772,2501,204,0.552558,0.426575
28601,758,2435,208,0.531789,0.403096
28701,768,2510,199,0.535677,0.4114
28801,740,2512,205,0.548284,0.40573
28901,745,2549,214,0.524729,0.390923
29001,766,2658,210,0.534085,0.409109
29101,727,2493,198,0.50651,0.368233
29201,729,2607,200,0.508205,0.370482
29301,720,2646,199,0.546053,0.393158
29401,724,2640,209,0.540339,0.391206
29501,723,2622,208,0.526952,0.380986
29601,759,2531,202,0.546458,0.414762
29701,755,2623,209,0.520659,0.393098
29801,734,2563,190,0.534549,0.392359
29901,744,2628,216,0.506673,0.376964
30001,749,2624,209,0.504586,0.377935
30101,730,2629,211,0.513782,0.375061
30201,739,2644,211,0.530849,0.392297
30301,763,2650,214,0.506066,0.386128
30401,730,2627,204,0.515488,0.376306
30501,703,2588,205,0.513878,0.361256
30601,734,2555,219,0.518708,0.380732
30701,749,2533,219,0.523476,0.392083
30801,684,2506,223,0.526992,0.360462
30901,735,2538,228,0.557454,0.409728
31001,714,2554,211,0.500156,0.357112
31101,704,2596,219,0.538953,0.379423
31201,723,2572,218,0.505317,0.365344
31301,768,2592,221,0.520607,0.399826
31401,717,2567,217,0.526556,0.377541
31501,788,2511,216,0.557953,0.439667
31601,720,2575,221,0.508271,0.365955
31701,751,2669,232,0.5029,0.377678
31801,733,2626,226,0.520147,0.381267
31901,774,2684,221,0.533499,0.412928
32001,729,2685,214,0.513603,0.374417
32101,763,2626,224,0.544119,0.415163
32201,755,2566,227,0.552057,0.416803
32301,777,2744,232,0.521411,0.405137
32401,763,2649,221,0.547841,0.418003
32501,752,2623,228,0.530106,0.398639
32601,743,2744,221,0.50366,0.374219
32701,727,2675,212,0.507109,0.368668
32801,728,2660,215,0.533186,0.388159
32901,743,2604,222,0.538814,0.400339
33001,701,2566,218,0.519709,0.364316
33101,717,2578,243,0.508543,0.364625
33201,681,2652,229,0.511399,0.348263
33301,760,2580,227,0.524179,0.398376
33401,710,2587,240,0.523764,0.371872
33501,746,2641,233,0.520632,0.388392
33601,744,2718,228,0.508086,0.378016
33701,795,2733,227,0.536315,0.426371
33801,732,2627,244,0.534341,0.391138
33901,783,2722,236,0.530619,0.415475
34001,766,2722,240,0.511729,0.391985
34101,765,2663,231,0.505435,0.386658
34201,755,2676,234,0.525907,0.39706
34301,712,2615,226,0.527297,0.375436
34401,752,2732,232,0.527735,0.396857
34501,717,2647,243,0.524431,0.376017
34601,767,2738,226,0.528435,0.405309
34701,765,2666,224,0.536982,0.410792
34801,745,2669,232,0.521545,0.388551
34901,752,2619,241,0.536458,0.403416
35001,761,2766,237,0.518405,0.394506
35101,773,2679,230,0.52285,0.404163
35201,730,2618,244,0.518774,0.378705
35301,791,2618,242,0.5539,0.438135
35401,794,2769,241,0.525626,0.417347
35501,725,2628,243,0.56101,0.406732
35601,727,2608,247,0.529723,0.385108
35701,763,2642,240,0.512235,0.390835
35801,778,2666,237,0.525506,0.408844
35901,757,2738,230,0.518842,0.392763
36001,771,2690,228,0.50951,0.392832
36101,773,2680,233,0.529174,0.409051
36201,793,2717,233,0.547749,0.434365
36301,747,2639,251,0.524049,0.391465
36401,742,2630,253,0.519709,0.385624
36501,716,2559,242,0.535533,0.383442
36601,716,2589,257,0.528548,0.378441
36701,774,2767,250,0.532202,0.411924
36801,763,2768,237,0.538089,0.410562
36901,724,2712,247,0.549055,0.397516
37001,758,2656,246,0.509767,0.386403
37101,701,2624,248,0.531679,0.372707
37201,767,2566,253,0.542989,0.416473
37301,722,2618,253,0.549457,0.396708
37401,772,2622,250,0.535432,0.413353
37501,787,2728,249,0.516198,0.406248
37601,783,2776,252,0.488925,0.382828
37701,748,2715,244,0.530386,0.396728
37801,782,2633,240,0.525102,0.41063
37901,739,2673,261,0.511405,0.377928
38001,759,2801,259,0.518823,0.393787
38101,779,2918,257,0.512451,0.3992
38201,758,2824,252,0.506582,0.383989
38301,762,2691,246,0.540884,0.412154
38401,789,2689,246,0.513921,0.405483
38501,783,2693,253,0.560159,0.438604
38601,738,2655,258,0.521708,0.385021
38701,772,2715,263,0.533131,0.411577
38801,762,2821,254,0.520881,0.396911
38901,768,2851,256,0.515722,0.396075
39001,771,2807,262,0.515297,0.397294
39101,793,2684,272,0.537267,0.426053
39201,756,2649,263,0.564094,0.426455
39301,825,2711,256,0.561305,0.463076
39401,762,2833,262,0.516754,0.393766
39501,757,2749,255,0.514971,0.389833
39601,778,2861,274,0.5204,0.404871
39701,754,2810,268,0.509783,0.384376
39801,752,2880,260,0.512836,0.385653
39901,743,2780,269,0.516573,0.383814
40001,756,2679,273,0.521951,0.394595
40101,781,2785,282,0.518231,0.404739
40201,801,2803,282,0.507696,0.406664
40301,790,2760,261,0.515137,0.406958
40401,772,2783,261,0.512116,0.395353
40501,814,2808,279,0.532917,0.433794
40601,710,2751,282,0.511595,0.363232
40701,792,2788,272,0.550225,0.435778
40801,805,2817,274,0.518511,0.417401
40901,737,2765,271,0.504072,0.371501
41001,790,2785,273,0.503405,0.39769
41101,799,2776,272,0.532535,0.425495
41201,775,2766,273,0.541608,0.419747
41301,804,2835,273,0.495402,0.398303
41401,770,2788,256,0.52458,0.403927
41501,830,2784,279,0.50322,0.417673
41601,832,2862,280,0.507429,0.422181
41701,850,2870,271,0.528799,0.449479
41801,752,2843,267,0.504579,0.379444
41901,823,2922,281,0.537733,0.442554
42001,809,2811,280,0.543601,0.439773
42101,782,2705,278,0.527084,0.41218
42201,791,2858,277,0.522828,0.413557
42301,769,2780,275,0.512039,0.393758
42401,772,2801,271,0.513448,0.396382
42501,783,2811,283,0.557284,0.436353
42601,802,2901,271,0.510708,0.409588
42701,807,2814,273,0.510799,0.412215
42801,787,2814,276,0.535736,0.421624
42901,742,2767,264,0.509414,0.377985
43001,773,2775,286,0.536855,0.414989
43101,784,2880,282,0.504922,0.395858
43201,794,2794,293,0.508457,0.403715
43301,745,2800,269,0.527486,0.392977
43401,769,2813,285,0.521551,0.401072
43501,823,2788,284,0.520634,0.428482
43601,836,2878,285,0.532544,0.445206
43701,765,2845,277,0.54065,0.413597
43801,781,2855,271,0.525896,0.410724
43901,797,2895,267,0.549352,0.437833
44001,819,2808,272,0.531482,0.435284
44101,818,2813,274,0.520389,0.425678
44201,771,2757,269,0.522331,0.402717
44301,778,2846,280,0.549301,0.427356
44401,820,2981,284,0.526446,0.431686
44501,816,2964,286,0.502898,0.410365
44601,800,2842,285,0.528825,0.42306
44701,828,3101,284,0.525478,0.435096
44801,798,2851,280,0.505932,0.403734
44901,848,2918,277,0.503642,0.427088
45001,798,2923,287,0.50615,0.403907
45101,793,2903,278,0.541238,0.429202
45201,790,2942,287,0.504911,0.39888
45301,757,2731,270,0.526882,0.398849
45401,801,2808,280,0.533679,0.427477
45501,826,2958,291,0.546652,0.451535
45601,809,2989,283,0.535429,0.433162
45701,789,2886,283,0.530466,0.418537
45801,820,2934,299,0.529975,0.43458
45901,804,2875,298,0.519176,0.417417
46001,831,2943,298,0.50244,0.417528
46101,815,2905,286,0.524125,0.427162
46201,811,2964,283,0.511014,0.414432
46301,808,2883,296,0.516296,0.417167
46401,760,3004,283,0.507851,0.385967
46501,807,2952,279,0.51759,0.417695
46601,814,2985,282,0.519691,0.423028
46701,809,2912,284,0.533043,0.431232
46801,781,2931,287,0.495913,0.387308
46901,792,2935,294,0.514408,0.407411
47001,843,2943,292,0.505126,0.425821
47101,809,2887,290,0.518203,0.419226
47201,787,2960,279,0.554571,0.436447
47301,789,2947,289,0.526312,0.41526
47401,767,2815,286,0.523104,0.401221
47501,774,2850,277,0.540958,0.418702
47601,819,2948,289,0.55091,0.451195
47701,806,2960,277,0.537696,0.433383
47801,806,2913,277,0.529587,0.426847
47901,804,2803,292,0.529828,0.425981
48001,814,2882,300,0.531898,0.432965
48101,813,2924,301,0.530961,0.431672
48201,800,2787,293,0.530886,0.424709
48301,808,2940,314,0.531768,0.429668
48401,824,2944,318,0.533835,0.43988
48501,816,2992,317,0.547674,0.446902
48601,789,2849,315,0.534074,0.421384
48701,784,2919,296,0.540582,0.423816
48801,772,2905,305,0.536974,0.414544
48901,791,2955,304,0.53723,0.424949
49001,791,2948,301,0.528357,0.41793
49101,790,2901,302,0.546206,0.431503
49201,788,2965,301,0.518783,0.408801
49301,801,2806,294,0.533052,0.426975
49401,792,2903,301,0.555012,0.439569
49501,752,2916,300,0.51061,0.383979
49601,777,2864,308,0.538141,0.418135
49701,788,2923,312,0.534147,0.420908
49801,817,2963,314,0.509546,0.416299
49901,786,2854,310,0.509031,0.400098
