cycle,Population_size,Deleterious_muts,Beneficial_muts,Mean_fitness,Intrinsic_fitness
1,1000,0,0,1.0,1.0
101,702,1929,35,0.533869,0.374776
201,696,1999,36,0.516705,0.359627
301,637,1998,40,0.511235,0.325657
401,666,1881,34,0.495203,0.329805
501,632,1968,33,0.530238,0.33511
601,661,2045,47,0.521408,0.344651
701,693,2042,49,0.544944,0.377646
801,677,2053,44,0.490879,0.332325
901,641,1998,40,0.533618,0.342049
1001,663,2027,41,0.530904,0.351989
1101,711,2133,52,0.539647,0.383689
1201,672,2057,48,0.515089,0.34614
1301,679,2092,55,0.522064,0.354481
1401,671,2029,54,0.508908,0.341477
1501,695,2219,56,0.514242,0.357398
1601,678,2118,59,0.514693,0.348962
1701,666,2176,55,0.51063,0.34008
1801,638,2147,52,0.502051,0.320308
1901,651,2142,60,0.512527,0.333655
2001,663,2061,45,0.510898,0.338726
2101,651,2095,50,0.519104,0.337936
2201,678,2180,64,0.521911,0.353856
2301,668,2184,53,0.535182,0.357501
2401,670,2027,52,0.531573,0.356154
2501,652,2120,62,0.549895,0.358532
2601,643,2124,62,0.52273,0.336115
2701,670,2097,58,0.54244,0.363435
2801,645,2104,64,0.532875,0.343705
2901,636,2103,64,0.541282,0.344256
3001,649,2122,57,0.521673,0.338565
3101,679,2147,61,0.498888,0.338745
3201,672,2151,57,0.520064,0.349483
3301,667,2153,61,0.526831,0.351396
3401,678,2079,63,0.530696,0.359812
3501,665,2112,75,0.524291,0.348653
3601,633,2143,64,0.548335,0.347096
3701,629,2134,69,0.521405,0.327964
3801,653,2129,68,0.546772,0.357042
3901,668,2141,66,0.521554,0.348398
4001,682,2242,66,0.523791,0.357225
4101,672,2200,65,0.524951,0.352767
4201,697,2181,73,0.535161,0.373007
4301,670,2100,76,0.551287,0.369362
4401,656,2142,58,0.536464,0.35192
4501,704,2183,82,0.518836,0.365261
4601,654,2109,79,0.55416,0.36242
4701,648,2166,87,0.514316,0.333276
4801,674,2164,93,0.519698,0.350276
4901,679,2114,88,0.506458,0.343885
5001,672,2110,86,0.523089,0.351516
5101,665,2191,90,0.519035,0.345158
5201,636,2152,89,0.510905,0.324935
5301,678,2308,85,0.514426,0.348781
5401,664,2124,84,0.520296,0.345476
5501,637,2120,88,0.512852,0.326687
5601,655,2157,77,0.533387,0.349369
5701,680,2224,82,0.522181,0.355083
5801,695,2247,85,0.521284,0.362292
5901,670,2174,85,0.529771,0.354946
6001,655,2117,95,0.518472,0.339599
6101,690,2162,91,0.552183,0.381006
6201,671,2182,81,0.532022,0.356987
6301,678,2255,84,0.506407,0.343344
6401,663,2086,74,0.520786,0.345281
6501,659,2170,77,0.517587,0.34109
6601,638,2126,77,0.509423,0.325012
6701,666,2226,73,0.516604,0.344058
6801,686,2141,75,0.530237,0.363743
6901,661,2191,80,0.528274,0.349189
7001,660,2176,68,0.517903,0.341816
7101,638,2192,74,0.55798,0.355991
7201,662,2126,78,0.509163,0.337066
7301,663,2244,83,0.510542,0.33849
7401,674,2270,83,0.534902,0.360524
7501,719,2304,88,0.526158,0.378308
7601,640,2246,76,0.529384,0.338806
7701,640,2128,76,0.525616,0.336394
7801,686,2251,86,0.511988,0.351224
7901,656,2259,76,0.51915,0.340562
8001,642,2154,77,0.535974,0.344095
8101,678,2255,84,0.5366,0.363815
8201,627,2166,84,0.535228,0.335588
8301,686,2267,83,0.505477,0.346757
8401,694,2294,86,0.504418,0.350066
8501,669,2161,87,0.530481,0.354892
8601,647,2184,87,0.515604,0.333596
8701,655,2211,85,0.51915,0.340043
8801,681,2294,78,0.526089,0.358266
8901,657,2161,87,0.511664,0.336163
9001,657,2239,88,0.523222,0.343757
9101,672,2248,84,0.526431,0.353762
9201,640,2211,79,0.513126,0.328401
9301,642,2208,84,0.539592,0.346418
9401,661,2164,99,0.550016,0.36356
9501,654,2240,90,0.511924,0.334799
9601,633,2193,95,0.52635,0.33318
9701,652,2179,81,0.519685,0.338834
9801,710,2252,96,0.532869,0.378337
9901,695,2210,86,0.522455,0.363106
10001,665,2235,101,0.534461,0.355416
10101,666,2248,92,0.501471,0.33398
10201,657,2236,90,0.502309,0.330017
10301,654,2256,102,0.526606,0.3444
10401,626,2191,103,0.535448,0.335191
10501,669,2228,108,0.517354,0.34611
10601,660,2159,106,0.525087,0.346557
10701,684,2298,106,0.522039,0.357075
10801,646,2167,111,0.559063,0.361155
10901,667,2350,96,0.520378,0.347092
11001,708,2212,115,0.52102,0.368882
11101,683,2330,97,0.528962,0.361281
11201,676,2301,102,0.535901,0.362269
11301,685,2293,123,0.529215,0.362512
11401,679,2246,109,0.534677,0.363046
11501,668,2274,111,0.539243,0.360214
11601,674,2284,109,0.529402,0.356817
11701,680,2254,107,0.512483,0.348488
11801,676,2292,111,0.549338,0.371353
11901,680,2313,112,0.507991,0.345434
12001,707,2302,113,0.495001,0.349965
12101,686,2326,116,0.521411,0.357688
12201,643,2309,102,0.518621,0.333473
12301,689,2273,103,0.536647,0.36975
12401,672,2282,108,0.533042,0.358204
12501,701,2375,118,0.51194,0.35887
12601,679,2290,108,0.518548,0.352094
12701,704,2302,115,0.526881,0.370924
12801,696,2380,116,0.50894,0.354222
12901,707,2331,115,0.507196,0.358587
13001,665,2359,115,0.526148,0.349888
13101,678,2328,125,0.513791,0.34835
13201,711,2313,116,0.524434,0.372873
13301,655,2270,115,0.525565,0.344245
13401,676,2305,118,0.537626,0.363435
13501,702,2310,105,0.549007,0.385403
13601,682,2335,104,0.528752,0.360609
13701,671,2231,106,0.520492,0.34925
13801,678,2260,116,0.537805,0.364632
13901,690,2323,113,0.534182,0.368585
14001,688,2303,111,0.513245,0.353113
14101,719,2410,125,0.50871,0.365763
14201,711,2270,129,0.521977,0.371125
14301,738,2403,120,0.542424,0.400309
14401,692,2274,127,0.540788,0.374225
14501,713,2402,130,0.496919,0.354303
14601,724,2306,119,0.541985,0.392397
14701,718,2408,121,0.505678,0.363077
14801,715,2297,126,0.537798,0.384525
14901,691,2431,117,0.530653,0.366681
15001,717,2394,119,0.537412,0.385325
15101,705,2308,118,0.551373,0.388718
15201,752,2402,120,0.531777,0.399896
15301,687,2284,120,0.543732,0.373544
15401,682,2295,119,0.539782,0.368131
15501,684,2338,121,0.53333,0.364797
15601,676,2328,121,0.54044,0.365338
15701,696,2318,133,0.554734,0.386095
15801,665,2314,113,0.519983,0.345789
15901,683,2358,113,0.541486,0.369835
16001,686,2337,117,0.526151,0.36094
16101,663,2303,135,0.525475,0.34839
16201,679,2239,124,0.539956,0.36663
16301,708,2375,127,0.52638,0.372677
16401,665,2336,130,0.545057,0.362463
16501,713,2406,121,0.523763,0.373443
16601,716,2376,123,0.530787,0.380044
16701,716,2353,114,0.505969,0.362274
16801,715,2382,121,0.517753,0.370194
16901,704,2434,120,0.519741,0.365898
17001,694,2378,123,0.55312,0.383865
17101,712,2422,128,0.511064,0.363878
17201,698,2378,125,0.50798,0.35457
17301,687,2392,122,0.520916,0.35787
17401,709,2368,130,0.527644,0.3741
17501,738,2340,123,0.564009,0.416239
17601,690,2364,136,0.532242,0.367247
17701,716,2405,137,0.540376,0.386909
17801,746,2403,137,0.52261,0.389867
17901,707,2403,138,0.521996,0.369051
18001,678,2396,141,0.529386,0.358924
18101,721,2373,130,0.522978,0.377067
18201,738,2469,146,0.49306,0.363878
18301,700,2409,136,0.534578,0.374205
18401,699,2363,130,0.551912,0.385786
18501,692,2342,122,0.505637,0.3499
18601,702,2429,135,0.539234,0.378542
18701,710,2348,127,0.538912,0.382627
18801,677,2364,146,0.54785,0.370895
18901,693,2373,122,0.54061,0.374643
19001,659,2305,137,0.530047,0.349301
19101,721,2402,134,0.535601,0.386168
19201,710,2450,134,0.530275,0.376495
19301,660,2338,135,0.51443,0.339524
19401,679,2256,139,0.504436,0.342512
19501,709,2413,147,0.553123,0.392164
19601,680,2453,146,0.517446,0.351863
19701,671,2334,141,0.510628,0.342631
19801,695,2381,143,0.536979,0.373201
19901,720,2448,142,0.512373,0.368909
20001,667,2335,146,0.512365,0.341747
20101,714,2358,133,0.535446,0.382309
20201,715,2403,143,0.530572,0.379359
20301,658,2356,151,0.549409,0.361511
20401,685,2419,151,0.527167,0.361109
20501,709,2341,147,0.519326,0.368202
20601,707,2408,143,0.537141,0.379759
20701,689,2436,141,0.515434,0.355134
20801,752,2311,149,0.516385,0.388321
20901,730,2470,135,0.525415,0.383553
21001,699,2462,147,0.54418,0.380382
21101,716,2458,147,0.530578,0.379894
21201,681,2432,148,0.52551,0.357872
21301,698,2525,144,0.506206,0.353332
21401,684,2397,141,0.538147,0.368093
21501,717,2465,143,0.528908,0.379227
21601,733,2399,148,0.550099,0.403222
21701,715,2520,158,0.529507,0.378598
21801,714,2379,158,0.533002,0.380563
21901,702,2316,158,0.508972,0.357298
22001,701,2467,149,0.524517,0.367687
22101,746,2482,152,0.512783,0.382536
22201,712,2409,157,0.525877,0.374425
22301,695,2416,163,0.55347,0.384662
22401,724,2444,167,0.508054,0.367831
22501,752,2587,148,0.520616,0.391503
22601,735,2367,169,0.522745,0.384217
22701,765,2545,162,0.534646,0.409004
22801,723,2553,159,0.527707,0.381532
22901,738,2515,164,0.528876,0.39031
23001,696,2464,161,0.531519,0.369937
23101,704,2488,158,0.522507,0.367845
23201,759,2613,149,0.516064,0.391692
23301,708,2443,155,0.529118,0.374615
23401,696,2459,158,0.519937,0.361876
23501,708,2469,148,0.506129,0.358339
23601,697,2466,154,0.51994,0.362398
23701,706,2502,161,0.519553,0.366804
23801,712,2447,160,0.548183,0.390306
23901,711,2555,164,0.530956,0.37751
24001,721,2416,167,0.53425,0.385194
24101,719,2513,170,0.52517,0.377597
24201,716,2607,161,0.518965,0.371579
24301,710,2616,157,0.498212,0.353731
24401,722,2536,161,0.509984,0.368209
24501,750,2599,170,0.52795,0.395963
24601,682,2529,168,0.531191,0.362272
24701,701,2574,161,0.507563,0.355802
24801,731,2602,166,0.506167,0.370008
24901,739,2503,185,0.532796,0.393736
25001,747,2564,182,0.522212,0.390092
25101,727,2429,172,0.532421,0.38707
25201,713,2667,176,0.50757,0.361897
25301,708,2492,171,0.499659,0.353759
25401,662,2465,183,0.537309,0.355698
25501,706,2523,173,0.505568,0.356931
25601,709,2511,178,0.503652,0.357089
25701,769,2548,175,0.503285,0.387026
25801,784,2621,179,0.551813,0.432622
25901,764,2613,174,0.508616,0.388582
26001,713,2595,191,0.514271,0.366675
26101,719,2542,177,0.514484,0.369914
26201,736,2523,181,0.51133,0.376339
26301,733,2541,174,0.504368,0.369702
26401,733,2509,193,0.530333,0.388734
26501,709,2540,190,0.518165,0.367379
26601,702,2462,183,0.543665,0.381653
26701,761,2541,183,0.535786,0.407733
26801,733,2567,192,0.497047,0.364336
26901,724,2433,183,0.52714,0.381649
27001,710,2473,178,0.53144,0.377322
27101,767,2560,183,0.554999,0.425684
27201,719,2528,194,0.506933,0.364485
27301,677,2462,177,0.529672,0.358588
27401,714,2525,194,0.52264,0.373165
27501,724,2499,179,0.522541,0.378319
27601,709,2537,177,0.491423,0.348419
27701,699,2518,180,0.53436,0.373518
27801,744,2550,184,0.51112,0.380274
27901,697,2474,183,0.546278,0.380756
28001,690,2504,185,0.511966,0.353257
28101,731,2553,185,0.518344,0.378909
28201,742,2544,202,0.556125,0.412645
28301,719,2471,196,0.520872,0.374507
28401,684,2435,186,0.518082,0.354368
28501,706,2627,187,0.532211,0.375741
28601,735,2590,190,0.524578,0.385565
28701,754,2598,188,0.51958,0.391763
28801,761,2553,203,0.512908,0.390323
28901,713,2503,188,0.512435,0.365366
29001,731,2452,185,0.542071,0.396254
29101,704,2510,178,0.517576,0.364373
29201,764,2560,186,0.519567,0.396949
29301,729,2491,197,0.524177,0.382125
29401,713,2583,194,0.525106,0.374401
29501,725,2518,198,0.514719,0.373171
29601,761,2531,193,0.529576,0.403007
29701,722,2542,190,0.522008,0.37689
29801,736,2647,199,0.523546,0.38533
29901,714,2619,201,0.539342,0.38509
30001,705,2616,195,0.507187,0.357567
30101,705,2535,194,0.542198,0.38225
30201,744,2648,196,0.540779,0.40234
30301,773,2647,201,0.537248,0.415293
30401,767,2641,192,0.538999,0.413412
30501,758,2670,206,0.504917,0.382727
30601,727,2665,205,0.51936,0.377575
30701,728,2599,197,0.524968,0.382177
30801,768,2627,201,0.532826,0.40921
30901,719,2598,201,0.52926,0.380538
31001,739,2631,194,0.55088,0.4071
31101,739,2614,204,0.511755,0.378187
31201,736,2680,208,0.497835,0.366406
31301,787,2619,207,0.516841,0.406754
31401,787,2596,216,0.517408,0.4072
31501,740,2663,214,0.53661,0.397091
31601,761,2602,212,0.540529,0.411342
31701,727,2607,209,0.552899,0.401957
31801,777,2605,226,0.539822,0.419442
31901,774,2669,235,0.53248,0.41214
32001,746,2551,232,0.52821,0.394045
32101,707,2545,230,0.537889,0.380287
32201,780,2626,226,0.524399,0.409031
32301,757,2652,218,0.526658,0.39868
32401,746,2690,230,0.51556,0.384608
32501,750,2699,221,0.513351,0.385013
32601,718,2574,227,0.518072,0.371976
32701,796,2835,230,0.523417,0.41664
32801,734,2614,234,0.540015,0.396371
32901,785,2631,244,0.530437,0.416393
33001,768,2688,234,0.529874,0.406943
33101,781,2653,232,0.522263,0.407887
33201,750,2643,236,0.525907,0.39443
33301,768,2722,229,0.508066,0.390195
33401,814,2737,226,0.511587,0.416432
33501,791,2659,238,0.515646,0.407876
33601,765,2734,226,0.537137,0.41091
33701,771,2702,236,0.515658,0.397573
33801,777,2701,240,0.530924,0.412528
33901,759,2659,230,0.517229,0.392577
34001,746,2662,229,0.499934,0.372951
34101,737,2711,243,0.520265,0.383435
34201,769,2702,236,0.523351,0.402457
34301,760,2720,239,0.509666,0.387346
34401,772,2729,230,0.5368,0.414409
34501,780,2761,238,0.537505,0.419254
34601,766,2769,239,0.52545,0.402495
34701,748,2764,230,0.537958,0.402393
34801,787,2674,237,0.523914,0.412321
34901,759,2739,223,0.561624,0.426272
35001,762,2742,215,0.535623,0.408144
35101,763,2705,225,0.520082,0.396822
35201,762,2612,232,0.554507,0.422534
35301,768,2648,226,0.519986,0.399349
35401,756,2698,218,0.53587,0.405118
35501,766,2709,226,0.531954,0.407477
35601,780,2623,230,0.516262,0.402684
35701,769,2709,237,0.512066,0.393779
35801,766,2802,221,0.533855,0.408933
35901,751,2711,227,0.533083,0.400345
36001,740,2675,235,0.538287,0.398333
36101,751,2737,228,0.538857,0.404682
36201,752,2809,228,0.527765,0.39688
36301,798,2759,225,0.536523,0.428146
36401,745,2727,230,0.53937,0.401831
36501,745,2710,228,0.530515,0.395233
36601,758,2791,234,0.523713,0.396974
36701,744,2723,221,0.503823,0.374844
36801,776,2747,242,0.510293,0.395988
36901,786,2798,225,0.525975,0.413416
37001,763,2774,230,0.520453,0.397106
37101,755,2760,239,0.543439,0.410296
37201,728,2669,230,0.520328,0.378799
37301,795,2776,229,0.508644,0.404372
37401,782,2686,239,0.526222,0.411505
37501,783,2665,244,0.521245,0.408135
37601,768,2668,251,0.526197,0.404119
37701,787,2773,232,0.541293,0.425997
37801,800,2706,247,0.523723,0.418978
37901,757,2739,243,0.509736,0.38587
38001,746,2761,244,0.512974,0.382679
38101,796,2694,250,0.545247,0.434017
38201,784,2740,246,0.53375,0.41846
38301,783,2666,257,0.500906,0.392209
38401,798,2758,252,0.534254,0.426334
38501,766,2700,248,0.527036,0.403709
38601,774,2692,243,0.548003,0.424154
38701,803,2733,236,0.523897,0.42069
38801,796,2816,253,0.524043,0.417138
38901,766,2870,250,0.5064,0.387902
39001,785,2785,230,0.516862,0.405737
39101,800,2676,254,0.53648,0.429184
39201,766,2766,250,0.535028,0.409832
39301,806,2838,245,0.539902,0.435161
39401,770,2789,245,0.514445,0.396123
39501,793,2671,235,0.540782,0.428841
39601,778,2737,253,0.527574,0.410453
39701,784,2794,240,0.532626,0.417579
39801,776,2948,251,0.531181,0.412197
39901,781,2800,253,0.548802,0.428614
40001,825,2709,248,0.513706,0.423808
40101,804,2764,254,0.532211,0.427898
40201,776,2773,257,0.513669,0.398607
40301,829,2793,256,0.51825,0.429629
40401,806,2743,263,0.527188,0.424914
40501,776,2761,255,0.537905,0.417414
40601,759,2870,250,0.521873,0.396101
40701,821,2786,262,0.548583,0.450387
40801,784,2826,249,0.5267,0.412933
40901,794,2912,264,0.518321,0.411547
41001,811,2863,250,0.526162,0.426718
41101,806,2817,251,0.54601,0.440084
41201,822,2883,268,0.519492,0.427022
41301,764,2666,265,0.535847,0.409387
41401,811,2973,256,0.518735,0.420694
41501,783,2783,253,0.549567,0.430311
41601,822,2860,273,0.521407,0.428597
41701,822,2903,272,0.494653,0.406605
41801,772,2879,276,0.522825,0.403621
41901,774,2846,271,0.530242,0.410407
42001,758,2781,279,0.499871,0.378902
42101,791,2870,282,0.536002,0.423977
42201,793,2784,266,0.527096,0.417987
42301,823,2947,269,0.507458,0.417638
42401,795,2808,277,0.523247,0.415981
42501,779,2810,275,0.536036,0.417572
42601,786,2875,274,0.551731,0.433661
42701,789,2832,269,0.539286,0.425497
42801,798,2903,282,0.530644,0.423454
42901,777,2829,270,0.558043,0.433599
43001,754,2845,270,0.525696,0.396375
43101,745,2804,273,0.529054,0.394146
43201,767,2860,262,0.511045,0.391972
43301,748,2820,277,0.528393,0.395238
43401,817,2895,277,0.532089,0.434717
43501,750,2857,268,0.53554,0.401655
43601,827,2910,277,0.520191,0.430198
43701,781,2827,285,0.544997,0.425643
43801,801,2900,276,0.526643,0.421841
43901,794,2849,268,0.516391,0.410014
44001,789,2850,278,0.562675,0.44395
44101,781,2931,270,0.512212,0.400037
44201,841,2817,270,0.530582,0.44622
44301,782,2913,254,0.537467,0.420299
44401,771,2798,266,0.520551,0.401345
44501,739,2812,266,0.52957,0.391352
44601,798,2842,264,0.524339,0.418423
44701,782,2824,267,0.532355,0.416302
44801,810,2820,273,0.525279,0.425476
44901,846,2849,271,0.541182,0.45784
45001,803,2901,270,0.53201,0.427204
45101,828,2884,284,0.528329,0.437456
45201,752,2856,265,0.525828,0.395423
45301,776,2928,281,0.501535,0.389191
45401,796,2896,277,0.512777,0.40817
45501,805,2877,276,0.539384,0.434204
45601,817,2934,280,0.508851,0.415731
45701,800,2805,279,0.534489,0.427592
45801,791,2845,278,0.516784,0.408776
45901,816,2926,280,0.53235,0.434398
46001,814,2818,281,0.538735,0.43853
46101,778,2810,278,0.54902,0.427138
46201,823,2913,279,0.541006,0.445248
46301,818,2988,280,0.549404,0.449412
46401,783,2832,282,0.512098,0.400972
46501,823,2860,284,0.52709,0.433795
46601,795,2921,303,0.4958,0.394161
46701,789,2954,291,0.51844,0.409049
46801,798,2871,289,0.529611,0.42263
46901,837,2896,278,0.527673,0.441662
47001,791,2994,293,0.540208,0.427304
47101,850,3018,301,0.517853,0.440175
47201,804,2947,295,0.537105,0.431832
47301,793,2971,288,0.509193,0.40379
47401,839,2927,288,0.542442,0.455109
47501,837,2959,292,0.540329,0.452255
47601,818,3010,305,0.523897,0.428548
47701,793,2889,289,0.541739,0.429599
47801,854,3010,282,0.514569,0.439442
47901,800,2869,283,0.514602,0.411682
48001,834,3054,285,0.51406,0.428726
48101,828,2930,281,0.507724,0.420395
48201,851,2961,291,0.5333,0.453838
48301,853,2918,294,0.545955,0.4657
48401,809,3048,292,0.52856,0.427605
48501,816,3049,291,0.504514,0.411683
48601,864,3028,306,0.515312,0.445229
48701,800,3008,290,0.499343,0.399474
48801,853,2966,294,0.522889,0.446024
48901,809,2994,295,0.493202,0.399001
49001,850,3071,286,0.539914,0.458927
49101,845,2948,287,0.512652,0.433191
49201,853,3070,284,0.532156,0.453929
49301,817,2965,286,0.51723,0.422577
49401,828,2996,295,0.527583,0.436839
49501,815,3101,296,0.517908,0.422095
49601,821,3026,301,0.516122,0.423736
49701,825,2990,292,0.543277,0.448204
49801,805,2960,307,0.544129,0.438024
49901,866,2991,293,0.558523,0.483681
50001,843,3092,294,0.518813,0.437359
50101,833,3037,298,0.539345,0.449275
50201,829,2990,304,0.514645,0.426641
50301,839,3130,303,0.509763,0.427691
50401,865,3125,302,0.521609,0.451192
50501,835,3049,295,0.508447,0.424554
50601,814,3024,308,0.528152,0.429916
50701,822,3025,308,0.511007,0.420048
50801,825,3013,304,0.519707,0.428758
50901,845,3042,301,0.509623,0.430631
51001,825,3040,304,0.531621,0.438587
51101,859,3023,298,0.527126,0.452801
51201,852,3067,308,0.539854,0.459956
51301,840,3035,303,0.505791,0.424864
51401,830,3060,304,0.515778,0.428096
51501,836,3017,304,0.530752,0.443709
51601,816,3025,302,0.516986,0.42186
51701,856,3067,306,0.507023,0.434012
51801,842,3010,300,0.549446,0.462634
51901,798,3150,300,0.498054,0.397447
52001,839,3047,302,0.508604,0.426718
52101,841,3178,313,0.532164,0.44755
52201,856,3098,305,0.549335,0.47023
52301,832,3101,332,0.505078,0.420225
52401,850,3168,334,0.533038,0.453082
52501,842,3037,320,0.509371,0.428891
52601,854,3073,320,0.502005,0.428712
52701,842,3112,339,0.540058,0.454729
52801,820,3115,335,0.564575,0.462952
52901,864,3199,342,0.567591,0.490398
53001,846,3105,329,0.53902,0.456011
53101,817,3175,331,0.521478,0.426047
53201,887,3050,338,0.538808,0.477922
53301,827,3164,337,0.551518,0.456105
53401,839,3184,327,0.541713,0.454498
53501,840,3159,324,0.51704,0.434314
53601,799,3127,341,0.542679,0.4336
53701,860,3174,341,0.513882,0.441938
53801,882,3175,329,0.51988,0.458535
53901,813,3143,347,0.524881,0.426729
54001,846,3087,328,0.513528,0.434444
54101,832,3126,334,0.527686,0.439035
54201,828,3163,329,0.52569,0.435271
54301,828,3194,326,0.51421,0.425766
54401,822,3100,341,0.518992,0.426611
54501,874,3230,346,0.539808,0.471792
54601,876,3228,346,0.516448,0.452408
54701,845,3095,346,0.534571,0.451713
54801,807,3142,346,0.53579,0.432382
54901,877,3114,345,0.546117,0.478945
55001,909,3245,348,0.522025,0.474521
55101,821,3104,344,0.521127,0.427846
55201,854,3127,346,0.529671,0.452339
55301,849,3153,353,0.539696,0.458202
55401,848,3008,357,0.540884,0.45867
55501,848,3051,346,0.522692,0.443243
55601,858,3134,346,0.556307,0.477311
55701,842,3077,344,0.538959,0.453803
55801,872,3200,340,0.524444,0.457316
55901,890,3119,346,0.528221,0.470117
56001,882,3119,343,0.519679,0.458357
56101,860,3184,344,0.533455,0.458771
56201,910,3342,351,0.523759,0.476621
56301,851,3304,342,0.522279,0.44446
56401,879,3364,347,0.534272,0.469625
56501,872,3236,357,0.529967,0.462131
56601,837,3221,366,0.514952,0.431015
56701,824,3238,364,0.532861,0.439077
56801,889,3262,360,0.519954,0.462239
56901,879,3235,358,0.534161,0.469528
57001,862,3234,361,0.504291,0.434699
57101,896,3241,360,0.53058,0.4754
57201,905,3295,354,0.535296,0.484443
57301,858,3296,354,0.516128,0.442838
57401,927,3322,356,0.508574,0.471448
57501,885,3283,360,0.529704,0.468788
57601,893,3347,365,0.520868,0.465135
57701,916,3323,371,0.529901,0.48539
57801,908,3250,350,0.520404,0.472526
57901,898,3318,354,0.514874,0.462357
58001,934,3252,363,0.532927,0.497754
58101,912,3396,357,0.515267,0.469923
58201,893,3257,372,0.541916,0.483931
58301,882,3257,371,0.524077,0.462236
58401,910,3217,368,0.533981,0.485923
58501,919,3326,363,0.528698,0.485873
58601,884,3309,361,0.530332,0.468813
58701,905,3309,367,0.567004,0.513139
58801,851,3315,366,0.522245,0.444431
58901,887,3270,353,0.543795,0.482346
59001,911,3372,352,0.523337,0.47676
59101,851,3403,369,0.523977,0.445905
59201,883,3289,370,0.516345,0.455933
59301,885,3293,383,0.548356,0.485295
59401,944,3393,372,0.531693,0.501918
59501,910,3337,390,0.527898,0.480387
59601,913,3168,379,0.5351,0.488546
59701,886,3191,379,0.548588,0.486049
59801,906,3289,385,0.51917,0.470368
59901,871,3244,370,0.536478,0.467273
60001,897,3263,369,0.521944,0.468183
60101,850,3271,360,0.532013,0.452211
60201,862,3342,372,0.520095,0.448322
60301,942,3425,392,0.519476,0.489346
60401,958,3433,371,0.527022,0.504887
60501,907,3356,376,0.518385,0.470175
60601,913,3283,374,0.495699,0.452574
60701,908,3317,377,0.507342,0.460666
60801,935,3422,376,0.524542,0.490446
60901,903,3374,370,0.524491,0.473615
61001,892,3342,376,0.536616,0.478661
61101,969,3365,369,0.529095,0.512693
61201,911,3408,376,0.529378,0.482263
61301,936,3333,370,0.526787,0.493073
61401,907,3352,380,0.518043,0.469865
61501,882,3262,376,0.5497,0.484835
61601,895,3296,391,0.530875,0.475133
61701,899,3291,379,0.514177,0.462245
61801,871,3344,384,0.535239,0.466194
61901,912,3425,387,0.517151,0.471641
62001,942,3297,396,0.529006,0.498323
62101,925,3371,398,0.530348,0.490572
62201,888,3287,388,0.553454,0.491467
62301,886,3207,388,0.554121,0.490952
62401,912,3400,385,0.506143,0.461603
62501,954,3359,389,0.524377,0.500256
62601,964,3385,379,0.539696,0.520267
62701,894,3376,388,0.513391,0.458971
62801,903,3256,386,0.526519,0.475447
62901,946,3363,387,0.529385,0.500798
63001,906,3373,378,0.531322,0.481378
63101,876,3290,370,0.519864,0.455401
63201,945,3474,381,0.528327,0.499269
63301,925,3414,393,0.508176,0.470062
63401,915,3336,387,0.502063,0.459387
63501,942,3367,376,0.523476,0.493114
63601,892,3419,390,0.524699,0.468031
63701,861,3343,383,0.524801,0.451854
63801,949,3440,390,0.526169,0.499334
63901,914,3456,398,0.525928,0.480698
64001,899,3335,393,0.530724,0.477121
64101,937,3453,406,0.531317,0.497844
64201,875,3524,392,0.526296,0.460509
64301,923,3426,394,0.491104,0.453289
64401,956,3531,398,0.522769,0.499767
64501,944,3479,405,0.510925,0.482313
64601,999,3580,403,0.520704,0.520183
64701,925,3478,393,0.513873,0.475333
64801,937,3592,393,0.5115,0.479276
64901,897,3486,393,0.507063,0.454836
65001,930,3553,399,0.515775,0.479671
65101,955,3572,401,0.523517,0.499958
65201,928,3509,394,0.51547,0.478356
65301,921,3471,403,0.514089,0.473476
65401,964,3476,400,0.543761,0.524186
65501,947,3390,414,0.521771,0.494117
65601,901,3436,391,0.549376,0.494987
65701,896,3464,387,0.513909,0.460463
65801,948,3338,403,0.524893,0.497598
65901,937,3496,403,0.520075,0.487311
66001,893,3414,400,0.523865,0.467811
66101,870,3454,410,0.537887,0.467961
66201,928,3421,411,0.54701,0.507625
66301,895,3401,394,0.521813,0.467022
66401,910,3395,402,0.527708,0.480214
66501,936,3517,407,0.517245,0.484141
66601,927,3535,405,0.506888,0.469885
66701,957,3462,416,0.522491,0.500024
66801,926,3433,400,0.530913,0.491625
66901,968,3466,419,0.529094,0.512163
67001,979,3518,407,0.513362,0.502581
67101,943,3585,409,0.546907,0.515733
67201,969,3610,419,0.511931,0.496061
67301,932,3626,418,0.51877,0.483494
67401,948,3690,418,0.525161,0.497853
67501,940,3540,420,0.511305,0.480626
67601,951,3549,429,0.50365,0.478972
67701,966,3612,420,0.504837,0.487672
67801,956,3646,425,0.487961,0.46649
67901,984,3612,432,0.516704,0.508437
68001,929,3561,423,0.545973,0.507209
68101,1012,3664,433,0.513814,0.519979
68201,995,3586,431,0.537676,0.534988
68301,981,3492,429,0.504015,0.494439
68401,910,3534,420,0.531697,0.483844
68501,991,3522,423,0.524244,0.519526
68601,948,3637,420,0.538324,0.510331
68701,985,3501,417,0.518846,0.511063
68801,911,3508,431,0.523519,0.476926
68901,1024,3650,443,0.547031,0.56016
69001,953,3673,433,0.518708,0.494329
69101,969,3567,433,0.526999,0.510662
69201,993,3634,429,0.510751,0.507176
69301,946,3627,427,0.530712,0.502054
69401,950,3492,440,0.53516,0.508402
69501,993,3639,444,0.525305,0.521628
69601,981,3677,453,0.524791,0.51482
69701,968,3603,439,0.548152,0.530611
69801,990,3615,440,0.524145,0.518903
69901,983,3614,427,0.525434,0.516502
70001,1042,3695,429,0.516959,0.538671
70101,959,3612,422,0.509367,0.488483
70201,986,3617,430,0.5255,0.518143
70301,1034,3725,450,0.515077,0.53259
70401,1013,3698,440,0.514105,0.520788
70501,980,3692,445,0.507106,0.496964
70601,965,3615,446,0.536602,0.517821
70701,997,3694,439,0.540284,0.538663
70801,945,3629,444,0.532713,0.503413
70901,950,3470,436,0.535433,0.508661
71001,972,3624,454,0.528991,0.514179
71101,998,3639,451,0.521944,0.5209
71201,999,3623,438,0.536912,0.536375
71301,1020,3667,441,0.525991,0.536511
71401,938,3657,456,0.51347,0.481635
71501,1011,3674,448,0.553526,0.559615
71601,1007,3692,448,0.537421,0.541183
71701,983,3725,450,0.529666,0.520662
71801,1005,3760,456,0.53069,0.533343
71901,1007,3729,462,0.527647,0.53134
72001,993,3680,450,0.528999,0.525296
72101,1008,3730,453,0.509774,0.513852
72201,994,3709,450,0.51441,0.511324
72301,980,3799,466,0.524467,0.513978
72401,983,3770,462,0.535748,0.52664
72501,969,3625,446,0.518235,0.50217
72601,986,3753,445,0.5348,0.527313
72701,1027,3768,459,0.529987,0.544297
72801,998,3768,452,0.530386,0.529325
72901,990,3708,450,0.557278,0.551706
73001,965,3621,461,0.539021,0.520156
73101,1054,3731,461,0.524315,0.552628
73201,1019,3713,461,0.519788,0.529664
73301,1004,3677,465,0.497296,0.499285
73401,979,3733,446,0.532484,0.521301
73501,1021,3743,454,0.515854,0.526687
73601,1044,3684,451,0.521662,0.544615
73701,1030,3761,451,0.538748,0.554911
73801,1028,3718,451,0.523077,0.537723
73901,992,3665,463,0.520307,0.516145
74001,981,3765,460,0.518415,0.508565
74101,1009,3769,467,0.519412,0.524086
74201,993,3797,467,0.521875,0.518222
74301,976,3769,469,0.51599,0.503606
74401,1017,3841,479,0.52948,0.538481
74501,1027,3719,461,0.540919,0.555523
74601,986,3707,471,0.523857,0.516523
74701,982,3760,463,0.51772,0.508401
74801,978,3781,466,0.52025,0.508805
74901,1015,3804,464,0.508323,0.515948
75001,961,3848,479,0.527407,0.506838
75101,1006,3858,469,0.521699,0.524829
75201,996,3801,482,0.531173,0.529048
75301,1003,3784,474,0.547499,0.549142
75401,1012,3750,475,0.507781,0.513874
75501,1028,3825,481,0.529553,0.54438
75601,1001,3748,466,0.516826,0.517343
75701,1001,3829,463,0.521046,0.521567
75801,1025,3897,481,0.521194,0.534224
75901,1034,3785,477,0.520235,0.537923
76001,1014,3807,480,0.537917,0.545448
76101,1064,3909,485,0.521553,0.554932
76201,1029,3767,476,0.531129,0.546532
76301,1051,3770,481,0.549625,0.577656
76401,1032,3755,465,0.527002,0.543866
76501,1029,3755,481,0.498409,0.512863
76601,1019,3804,476,0.537015,0.547218
76701,990,3759,486,0.555651,0.550095
76801,1032,3830,464,0.515461,0.531955
76901,1035,3839,479,0.521549,0.539803
77001,997,3859,479,0.521481,0.519917
77101,1037,3869,488,0.522954,0.542303
77201,1069,3914,483,0.521214,0.557178
77301,1046,3801,487,0.543904,0.568924
77401,1019,3756,497,0.523188,0.533129
77501,1038,3945,491,0.518339,0.538036
77601,1010,3838,490,0.531723,0.53704
77701,1043,3971,489,0.541277,0.564552
77801,1052,3886,494,0.525681,0.553016
77901,1025,3830,497,0.522725,0.535793
78001,1063,3934,493,0.51202,0.544278
78101,1042,3908,497,0.521541,0.543446
78201,1028,3867,498,0.533605,0.548546
78301,1020,3817,481,0.542363,0.55321
78401,1027,3792,486,0.54124,0.555854
78501,1029,3907,475,0.522817,0.537979
78601,1042,3875,495,0.515144,0.53678
78701,1056,3945,488,0.530178,0.559868
78801,1011,3877,493,0.525649,0.531431
78901,1041,3959,484,0.529963,0.551691
79001,1028,4021,488,0.520055,0.534616
79101,1066,3956,503,0.518564,0.552789
79201,1030,3911,485,0.524477,0.540211
79301,1058,3956,493,0.525926,0.55643
79401,1079,3927,505,0.531755,0.573763
79501,1061,3971,502,0.507891,0.538873
79601,1057,3931,485,0.527112,0.557158
79701,1035,3946,496,0.535914,0.554671
79801,1065,3977,512,0.5159,0.549433
79901,1070,3942,494,0.525272,0.562041
80001,1064,3991,498,0.531275,0.565277
80101,1061,3937,500,0.519157,0.550826
80201,1083,4054,484,0.514866,0.5576
80301,1050,3990,485,0.531689,0.558273
80401,1060,3998,509,0.517405,0.548449
80501,1049,4004,504,0.522597,0.548204
80601,1071,4142,503,0.528682,0.566219
80701,1023,3930,505,0.533036,0.545295
80801,1083,3972,510,0.526229,0.569906
80901,1140,4057,513,0.535857,0.610877
81001,1082,3923,513,0.521875,0.564669
81101,1049,4123,503,0.530214,0.556195
81201,1030,3927,499,0.535832,0.551907
81301,1070,3919,513,0.517207,0.553411
81401,1101,3887,495,0.542208,0.596971
81501,1031,3839,505,0.522963,0.539175
81601,1093,3912,521,0.514342,0.562176
81701,1074,3918,514,0.508056,0.545653
81801,1051,3965,504,0.499957,0.525455
81901,1061,4020,507,0.499803,0.530291
82001,1113,3991,513,0.547949,0.609867
82101,1057,3997,519,0.529635,0.559824
82201,1060,3983,505,0.540964,0.573422
82301,1039,3973,505,0.539478,0.560518
82401,1059,4127,495,0.488277,0.517086
82501,1025,3980,499,0.508763,0.521482
82601,1125,4101,507,0.530978,0.59735
82701,1057,4031,513,0.535747,0.566285
82801,1110,4046,514,0.513449,0.569928
82901,1090,4064,507,0.517756,0.564354
83001,1079,4086,492,0.521038,0.5622
83101,1111,4065,510,0.527964,0.586568
83201,1095,4138,517,0.535775,0.586674
83301,1106,4030,519,0.522173,0.577523
83401,1073,4107,509,0.533049,0.571962
83501,1091,3973,523,0.54158,0.590864
83601,1127,4133,519,0.525581,0.59233
83701,1112,3957,530,0.519125,0.577267
83801,1101,4026,523,0.538939,0.593372
83901,1107,4102,518,0.546412,0.604878
84001,1056,4086,513,0.524834,0.554225
84101,1082,4036,512,0.529554,0.572977
84201,1068,3960,519,0.529391,0.565389
84301,1128,4010,523,0.551491,0.622082
84401,1092,4026,525,0.535239,0.584481
84501,1044,3986,519,0.508481,0.530854
84601,1105,4027,533,0.512234,0.566018
84701,1097,4041,525,0.531156,0.582678
84801,1130,4014,517,0.526391,0.594822
84901,1088,4038,541,0.535484,0.582606
85001,1064,4070,529,0.513637,0.54651
85101,1114,4093,523,0.525091,0.584951
85201,1104,4207,522,0.53449,0.590077
85301,1107,4127,535,0.523872,0.579926
85401,1115,4252,543,0.531197,0.592285
85501,1146,4141,548,0.539915,0.618742
85601,1090,4216,542,0.533933,0.581987
85701,1067,4040,543,0.538133,0.574188
85801,1127,4216,538,0.523065,0.589495
85901,1109,4172,537,0.517341,0.573731
86001,1126,4225,544,0.516328,0.581385
86101,1088,4103,530,0.519662,0.565393
86201,1089,4244,537,0.52187,0.568316
86301,1113,4143,548,0.537991,0.598784
86401,1133,4226,538,0.532979,0.603865
86501,1175,4371,561,0.529696,0.622393
86601,1115,4194,556,0.541342,0.603596
86701,1113,4303,536,0.525607,0.585001
86801,1147,4325,549,0.49715,0.570231
86901,1148,4237,533,0.527351,0.605399
87001,1167,4317,555,0.536219,0.625768
87101,1124,4243,543,0.51686,0.580951
87201,1095,4326,556,0.509329,0.557715
87301,1155,4318,541,0.512941,0.592447
87401,1162,4236,537,0.526265,0.61152
87501,1186,4386,535,0.535313,0.634881
87601,1177,4212,549,0.524221,0.617008
87701,1131,4231,550,0.530051,0.599488
87801,1169,4246,546,0.535023,0.625442
87901,1157,4314,552,0.528159,0.61108
88001,1189,4263,557,0.522293,0.621006
88101,1208,4380,567,0.523204,0.63203
88201,1149,4341,545,0.529042,0.607869
88301,1165,4363,564,0.509865,0.593992
88401,1174,4310,570,0.531817,0.624353
88501,1165,4202,554,0.551652,0.642675
88601,1166,4439,576,0.517592,0.603513
88701,1146,4256,575,0.540973,0.619955
88801,1168,4318,574,0.522672,0.610481
88901,1146,4356,568,0.540576,0.6195
89001,1160,4393,567,0.522348,0.605924
89101,1145,4342,547,0.524101,0.600095
89201,1126,4299,561,0.512832,0.577449
89301,1156,4259,562,0.511629,0.591443
89401,1165,4283,576,0.522885,0.609161
89501,1208,4528,563,0.535747,0.647182
89601,1185,4398,581,0.541697,0.64191
89701,1143,4314,578,0.516482,0.590338
89801,1198,4481,579,0.52322,0.626817
89901,1203,4421,582,0.51178,0.615671
90001,1170,4429,565,0.535933,0.627042
90101,1174,4355,574,0.537499,0.631023
90201,1223,4476,572,0.526885,0.64438
90301,1213,4448,561,0.523424,0.634913
90401,1178,4371,580,0.54047,0.636673
90501,1094,4424,588,0.527706,0.577311
90601,1127,4406,578,0.534187,0.602029
90701,1199,4424,571,0.541285,0.649001
90801,1193,4527,576,0.530289,0.632634
90901,1184,4519,587,0.536543,0.635267
91001,1180,4324,573,0.518034,0.611281
91101,1217,4476,581,0.534078,0.649973
91201,1194,4367,580,0.526609,0.628771
91301,1186,4468,578,0.504124,0.597891
91401,1208,4562,573,0.546446,0.660107
91501,1195,4515,570,0.507698,0.606699
91601,1236,4522,582,0.534207,0.660279
91701,1176,4355,580,0.533893,0.627859
91801,1236,4574,586,0.532981,0.658764
91901,1134,4457,583,0.532802,0.604198
92001,1183,4492,580,0.525579,0.62176
92101,1178,4610,578,0.520128,0.612711
92201,1186,4570,584,0.529202,0.627633
92301,1167,4555,586,0.52279,0.610096
92401,1249,4638,599,0.510314,0.637382
92501,1177,4527,597,0.515699,0.606978
92601,1139,4444,601,0.537261,0.61194
92701,1179,4527,599,0.5162,0.608599
92801,1220,4611,620,0.530917,0.647718
92901,1195,4571,599,0.517625,0.618562
93001,1168,4471,594,0.52712,0.615676
93101,1212,4590,598,0.518112,0.627952
93201,1230,4605,611,0.521069,0.640915
93301,1205,4483,617,0.547696,0.659974
93401,1240,4695,615,0.539535,0.669024
93501,1239,4642,605,0.513143,0.635785
93601,1223,4642,620,0.522747,0.639319
93701,1249,4608,628,0.53807,0.672049
93801,1200,4603,627,0.513817,0.61658
93901,1189,4551,621,0.546484,0.649769
94001,1194,4456,628,0.547394,0.653588
94101,1222,4633,619,0.523031,0.639143
94201,1216,4515,606,0.533127,0.648283
94301,1262,4637,625,0.504505,0.636686
94401,1263,4640,624,0.502725,0.634941
94501,1234,4642,612,0.541035,0.667637
94601,1272,4767,623,0.51581,0.65611
94701,1236,4539,621,0.525806,0.649896
94801,1262,4577,625,0.534554,0.674608
94901,1270,4664,616,0.533406,0.677425
95001,1265,4796,617,0.519823,0.657576
95101,1245,4552,619,0.535259,0.666397
95201,1291,4608,626,0.5165,0.666801
95301,1232,4596,622,0.528434,0.651031
95401,1253,4536,604,0.533641,0.668652
95501,1267,4774,611,0.513319,0.650375
95601,1221,4697,610,0.520946,0.636074
95701,1263,4765,620,0.532287,0.672279
95801,1256,4697,609,0.52662,0.661435
95901,1280,4827,632,0.52972,0.678042
96001,1272,4721,629,0.531044,0.675488
96101,1263,4626,625,0.533942,0.674369
96201,1256,4621,622,0.526431,0.661197
96301,1268,4704,631,0.521575,0.661357
96401,1257,4727,631,0.529636,0.665752
96501,1267,4656,640,0.513103,0.650101
96601,1201,4570,624,0.536167,0.643937
96701,1250,4696,631,0.521722,0.652153
96801,1264,4766,618,0.535649,0.677061
96901,1284,4739,622,0.534103,0.685788
97001,1232,4759,646,0.529153,0.651917
97101,1280,4864,650,0.514825,0.658976
97201,1314,4846,644,0.525304,0.690249
97301,1298,4896,644,0.511737,0.664235
97401,1277,4604,632,0.534082,0.682023
97501,1275,4742,660,0.539221,0.687507
97601,1253,4724,625,0.515023,0.645323
97701,1273,4682,627,0.534132,0.67995
97801,1238,4823,622,0.533354,0.660292
97901,1285,4755,621,0.533945,0.686119
98001,1317,4817,638,0.536594,0.706695
98101,1301,4871,651,0.529711,0.689154
98201,1267,4953,643,0.525528,0.665845
98301,1270,4820,638,0.518143,0.658041
98401,1314,4907,645,0.52162,0.685408
98501,1317,4759,646,0.538424,0.709104
98601,1261,4853,650,0.506243,0.638372
98701,1256,4720,654,0.536618,0.673993
98801,1263,4782,649,0.550726,0.695568
98901,1278,4715,640,0.540175,0.690343
99001,1333,4851,632,0.51046,0.680443
99101,1275,4863,643,0.504772,0.643585
99201,1316,4813,631,0.512826,0.67488
99301,1291,4875,653,0.524974,0.677741
99401,1271,4840,644,0.53603,0.681294
99501,1268,4876,647,0.540394,0.685219
99601,1341,4882,652,0.547845,0.734661
99701,1295,4935,640,0.515933,0.668134
99801,1297,4853,657,0.528917,0.686005
99901,1341,4824,644,0.521547,0.699394
