cycle,Population_size,Deleterious_muts,Beneficial_muts,Mean_fitness,Intrinsic_fitness
1,1000,0,0,1.0,1.0
101,710,1312,26,0.572082,0.406178
201,706,1355,39,0.551694,0.389496
301,681,1393,33,0.554376,0.37753
401,684,1453,54,0.566871,0.38774
501,674,1451,47,0.549616,0.370441
601,705,1372,43,0.558359,0.393643
701,707,1425,46,0.539273,0.381266
801,678,1505,48,0.590698,0.400493
901,640,1432,50,0.576467,0.368939
1001,658,1417,44,0.568681,0.374192
1101,675,1421,43,0.573869,0.387361
1201,681,1424,47,0.544751,0.370975
1301,666,1378,53,0.544726,0.362788
1401,678,1460,52,0.54097,0.366778
1501,654,1412,47,0.546502,0.357412
1601,696,1440,51,0.578717,0.402787
1701,670,1462,47,0.576581,0.386309
1801,723,1507,59,0.553188,0.399955
1901,704,1491,50,0.526866,0.370914
2001,657,1494,68,0.540837,0.35533
2101,715,1572,66,0.553005,0.395399
2201,699,1514,71,0.556206,0.388788
2301,654,1527,69,0.551245,0.360514
2401,668,1478,62,0.55392,0.370019
2501,705,1569,66,0.528983,0.372933
2601,706,1501,63,0.549539,0.387974
2701,658,1475,68,0.562364,0.370035
2801,649,1477,73,0.57472,0.372993
2901,673,1480,68,0.533545,0.359076
3001,672,1490,62,0.541261,0.363727
3101,703,1553,69,0.558073,0.392326
3201,683,1550,75,0.586107,0.400311
3301,666,1474,66,0.539548,0.359339
3401,663,1433,60,0.523498,0.347079
3501,711,1610,63,0.547871,0.389536
3601,716,1570,61,0.542854,0.388683
3701,688,1552,59,0.555733,0.382344
3801,708,1571,63,0.559916,0.39642
3901,695,1476,68,0.57489,0.399548
4001,659,1518,69,0.549978,0.362436
4101,682,1525,76,0.561882,0.383204
4201,670,1511,73,0.548647,0.367594
4301,678,1473,65,0.531138,0.360111
4401,658,1563,64,0.572168,0.376486
4501,683,1535,66,0.575544,0.393097
4601,661,1561,74,0.557824,0.368721
4701,702,1560,76,0.552174,0.387626
4801,701,1588,69,0.569233,0.399032
4901,685,1600,79,0.568432,0.389376
5001,688,1522,57,0.558493,0.384244
5101,723,1478,78,0.576497,0.416807
5201,689,1521,69,0.546874,0.376796
5301,663,1542,70,0.537592,0.356423
5401,668,1527,66,0.554964,0.370716
5501,682,1583,62,0.563725,0.38446
5601,649,1480,74,0.535314,0.347419
5701,689,1582,77,0.543148,0.374229
5801,696,1557,72,0.54016,0.375951
5901,700,1615,76,0.568186,0.39773
6001,728,1553,77,0.554678,0.403806
6101,689,1557,83,0.512162,0.35288
6201,682,1494,77,0.596648,0.406914
6301,686,1461,85,0.559633,0.383909
6401,710,1574,82,0.555,0.39405
6501,689,1522,76,0.561049,0.386563
6601,685,1531,74,0.546765,0.374534
6701,663,1544,69,0.57538,0.381477
6801,702,1609,77,0.531793,0.373319
6901,669,1611,77,0.547719,0.366424
7001,691,1593,79,0.545808,0.377153
7101,686,1555,79,0.575796,0.394996
7201,696,1533,87,0.563596,0.392263
7301,679,1581,82,0.550487,0.37378
7401,672,1544,64,0.574111,0.385803
7501,687,1546,86,0.539134,0.370385
7601,749,1542,85,0.561096,0.420261
7701,683,1594,89,0.53062,0.362413
7801,650,1531,76,0.559268,0.363524
7901,719,1584,79,0.567762,0.408221
8001,714,1595,89,0.558244,0.398586
8101,709,1606,100,0.549768,0.389786
8201,674,1601,88,0.559859,0.377345
8301,701,1633,83,0.560972,0.393242
8401,693,1556,100,0.553942,0.383882
8501,698,1583,92,0.54656,0.381499
8601,689,1595,92,0.542176,0.37356
8701,756,1639,111,0.526638,0.398139
8801,699,1580,100,0.571761,0.399661
8901,708,1648,98,0.549882,0.389317
9001,677,1660,91,0.562795,0.381012
9101,696,1628,114,0.547375,0.380973
9201,711,1603,94,0.53767,0.382283
9301,721,1553,97,0.546091,0.393731
9401,687,1581,99,0.556245,0.38214
9501,702,1566,104,0.591438,0.41519
9601,717,1608,99,0.568004,0.407259
9701,693,1605,92,0.538792,0.373383
9801,732,1621,103,0.573765,0.419996
9901,758,1655,105,0.589374,0.446746
10001,737,1641,101,0.576964,0.425222
10101,725,1704,99,0.529368,0.383792
10201,715,1586,92,0.557926,0.398917
10301,683,1620,99,0.573307,0.391569
10401,697,1570,96,0.546172,0.380682
10501,707,1616,105,0.571787,0.404253
10601,736,1649,105,0.554693,0.408254
10701,711,1634,106,0.585651,0.416398
10801,742,1676,101,0.537432,0.398774
10901,717,1654,102,0.556077,0.398707
11001,707,1661,108,0.549997,0.388848
11101,722,1693,108,0.555577,0.401127
11201,734,1708,104,0.576685,0.423287
11301,728,1623,106,0.569569,0.414646
11401,728,1631,105,0.552382,0.402134
11501,698,1618,111,0.580411,0.405127
11601,726,1714,112,0.551439,0.400345
11701,747,1646,114,0.542989,0.405613
11801,729,1694,117,0.578474,0.421707
11901,695,1662,107,0.573405,0.398516
12001,711,1641,110,0.543951,0.386749
12101,730,1648,111,0.581908,0.424793
12201,712,1659,102,0.542239,0.386074
12301,743,1761,100,0.535062,0.397551
12401,720,1670,108,0.561849,0.404531
12501,729,1675,114,0.573062,0.417762
12601,765,1730,123,0.538559,0.411997
12701,733,1656,118,0.575027,0.421495
12801,747,1752,119,0.541088,0.404193
12901,735,1698,123,0.56429,0.414753
13001,737,1680,133,0.554102,0.408373
13101,699,1670,124,0.574619,0.401659
13201,733,1686,115,0.555589,0.407247
13301,746,1739,118,0.578095,0.431259
13401,748,1648,124,0.565222,0.422786
13501,756,1768,117,0.554627,0.419298
13601,764,1705,120,0.555809,0.424638
13701,751,1656,130,0.548163,0.41167
13801,729,1682,127,0.526145,0.38356
13901,746,1691,123,0.557157,0.415639
14001,713,1716,125,0.52396,0.373583
14101,764,1726,123,0.558607,0.426775
14201,719,1626,129,0.546493,0.392928
14301,732,1705,125,0.559286,0.409398
14401,780,1747,120,0.56321,0.439304
14501,708,1584,118,0.566021,0.400743
14601,729,1695,125,0.542948,0.395809
14701,750,1704,117,0.56763,0.425723
14801,692,1613,120,0.580256,0.401537
14901,757,1633,122,0.556125,0.420987
15001,723,1705,116,0.582647,0.421254
15101,733,1727,118,0.568578,0.416768
15201,774,1719,116,0.55322,0.428192
15301,766,1795,112,0.543137,0.416043
15401,702,1732,127,0.571846,0.401436
15501,743,1713,123,0.560507,0.416457
15601,722,1704,112,0.580204,0.418907
15701,737,1701,125,0.552947,0.407522
15801,700,1705,121,0.569093,0.398365
15901,740,1680,122,0.555005,0.410704
16001,758,1737,121,0.562559,0.42642
16101,743,1770,119,0.549412,0.408213
16201,772,1810,120,0.55209,0.426214
16301,708,1695,118,0.567576,0.401844
16401,745,1838,133,0.567401,0.422714
16501,769,1830,129,0.532697,0.409644
16601,778,1811,131,0.546323,0.425039
16701,724,1755,131,0.529837,0.383602
16801,734,1727,135,0.570814,0.418978
16901,758,1761,132,0.575136,0.435953
17001,772,1793,137,0.568835,0.439141
17101,762,1836,134,0.537798,0.409802
17201,769,1803,140,0.535987,0.412174
17301,715,1722,136,0.549343,0.392781
17401,757,1815,122,0.562171,0.425563
17501,713,1676,130,0.565703,0.403346
17601,745,1799,138,0.544227,0.405449
17701,724,1840,134,0.555292,0.402031
17801,769,1800,127,0.574081,0.441469
17901,759,1685,129,0.564812,0.428692
18001,770,1673,130,0.552558,0.42547
18101,782,1727,146,0.560633,0.438415
18201,786,1807,145,0.565136,0.444197
18301,733,1802,140,0.547438,0.401272
18401,793,1791,134,0.561172,0.445009
18501,769,1809,129,0.555475,0.42716
18601,770,1742,131,0.556463,0.428477
18701,797,1779,141,0.584214,0.465619
18801,763,1776,150,0.539553,0.411679
18901,722,1787,129,0.567737,0.409906
19001,813,1824,135,0.54097,0.439808
19101,766,1767,136,0.567256,0.434518
19201,757,1790,141,0.568742,0.430537
19301,774,1842,148,0.560058,0.433485
19401,771,1813,141,0.558197,0.43037
19501,772,1857,136,0.545597,0.421201
19601,740,1780,142,0.528402,0.391018
19701,764,1687,155,0.571323,0.436491
19801,746,1791,146,0.548988,0.409545
19901,781,1816,141,0.524344,0.409512
20001,769,1758,144,0.559763,0.430458
20101,827,1841,149,0.560374,0.46343
20201,809,1839,152,0.555044,0.449031
20301,755,1833,155,0.566419,0.427646
20401,789,1818,149,0.587222,0.463318
20501,777,1868,163,0.550447,0.427698
20601,792,1789,161,0.577475,0.45736
20701,761,1764,171,0.54504,0.414776
20801,810,1805,156,0.553053,0.447973
20901,832,1842,151,0.592572,0.49302
21001,831,1852,165,0.568807,0.472679
21101,763,1861,157,0.560744,0.427848
21201,788,1858,155,0.551199,0.434345
21301,781,1854,165,0.570202,0.445328
21401,809,1816,168,0.574686,0.464921
21501,770,1911,174,0.564851,0.434935
21601,824,1899,169,0.546926,0.450667
21701,798,1858,163,0.537818,0.429179
21801,769,1895,171,0.539977,0.415242
21901,780,1876,167,0.542069,0.422814
22001,774,1930,175,0.572353,0.443001
22101,804,1851,164,0.562883,0.452558
22201,817,1921,158,0.56007,0.457577
22301,799,1815,173,0.55264,0.441559
22401,800,1881,168,0.561621,0.449297
22501,765,1864,179,0.547931,0.419168
22601,788,1863,172,0.549671,0.433141
22701,792,1810,181,0.583948,0.462487
22801,814,1800,179,0.527753,0.429591
22901,786,1881,174,0.552278,0.43409
23001,806,1950,182,0.543218,0.437833
23101,798,1959,168,0.551963,0.440467
23201,785,1846,164,0.557819,0.437888
23301,787,1923,172,0.549025,0.432083
23401,801,1859,162,0.546171,0.437483
23501,806,1854,159,0.581662,0.46882
23601,762,1830,168,0.566502,0.431675
23701,776,1893,188,0.55728,0.432449
23801,821,1867,180,0.542874,0.445699
23901,833,1871,179,0.532745,0.443777
24001,789,1783,173,0.562089,0.443488
24101,794,1886,185,0.586093,0.465358
24201,773,1872,169,0.526591,0.407055
24301,818,1960,178,0.566449,0.463356
24401,800,1909,172,0.55994,0.447952
24501,814,1917,173,0.541229,0.44056
24601,804,1937,174,0.568755,0.457279
24701,826,1903,180,0.556328,0.459527
24801,752,1884,164,0.530287,0.398776
24901,804,1919,178,0.548023,0.440611
25001,810,1926,182,0.562453,0.455587
25101,782,1882,167,0.549888,0.430012
25201,828,1943,177,0.567895,0.470217
25301,787,1976,178,0.544955,0.428879
25401,797,1840,179,0.554422,0.441875
25501,811,1905,173,0.564039,0.457435
25601,799,1948,177,0.546043,0.436288
25701,843,1935,180,0.537657,0.453245
25801,832,1916,181,0.550822,0.458284
25901,830,2010,190,0.57914,0.480686
26001,815,1934,186,0.561092,0.45729
26101,773,1893,178,0.544765,0.421103
26201,839,1845,187,0.568524,0.476991
26301,798,1851,173,0.548686,0.437851
26401,792,1861,176,0.576651,0.456707
26501,819,1818,172,0.607272,0.497355
26601,788,1846,175,0.550427,0.433736
26701,845,1921,187,0.56501,0.477433
26801,815,1898,178,0.544773,0.44399
26901,808,1888,182,0.552659,0.446548
27001,794,1999,191,0.531921,0.422346
27101,830,1949,175,0.567347,0.470898
27201,802,1945,197,0.540242,0.433274
27301,813,1885,200,0.5632,0.457882
27401,808,1970,181,0.521296,0.421207
27501,800,1901,191,0.579999,0.463999
27601,867,1977,195,0.528764,0.458438
27701,792,1889,190,0.548179,0.434158
27801,795,1937,189,0.565193,0.449328
27901,817,1951,191,0.553501,0.45221
28001,812,1908,179,0.569804,0.462681
28101,830,2015,195,0.558011,0.463149
28201,803,1843,190,0.547483,0.439629
28301,842,1904,187,0.552883,0.465528
28401,818,1872,184,0.557448,0.455993
28501,846,1945,199,0.574095,0.485684
28601,856,1950,194,0.565918,0.484426
28701,816,1968,188,0.556218,0.453874
28801,827,1963,193,0.548808,0.453864
28901,823,1915,195,0.559288,0.460294
29001,832,1995,196,0.545769,0.45408
29101,814,1959,203,0.553088,0.450214
29201,777,1989,211,0.540871,0.420257
29301,860,1991,206,0.563984,0.485027
29401,832,2008,210,0.546465,0.454659
29501,833,1995,200,0.561841,0.468013
29601,854,1973,201,0.55497,0.473944
29701,803,1930,208,0.578535,0.464564
29801,824,1913,197,0.547603,0.451225
29901,807,1989,188,0.560714,0.452496
30001,855,1996,184,0.540718,0.462314
30101,825,2012,197,0.572506,0.472317
30201,819,2071,211,0.570176,0.466974
30301,790,1981,203,0.549876,0.434402
30401,820,2058,208,0.546543,0.448165
30501,811,1996,201,0.55971,0.453925
30601,796,1936,209,0.580013,0.46169
30701,837,2000,210,0.566781,0.474396
30801,824,2024,202,0.557716,0.459558
30901,816,1956,199,0.560357,0.457251
31001,837,2057,208,0.540804,0.452653
31101,856,1995,212,0.541424,0.463459
31201,851,2016,194,0.566954,0.482478
31301,832,2044,214,0.569545,0.473861
31401,815,2019,219,0.567537,0.462543
31501,886,1969,200,0.564136,0.499824
31601,874,1937,196,0.565625,0.494356
31701,861,1965,214,0.568278,0.489288
31801,849,1985,215,0.565961,0.480501
31901,838,2005,209,0.537407,0.450347
32001,823,1984,217,0.545087,0.448606
32101,849,2117,217,0.551667,0.468365
32201,855,2098,225,0.51329,0.438863
32301,843,2031,218,0.570699,0.481099
32401,839,1991,206,0.563962,0.473164
32501,821,1892,202,0.548071,0.449966
32601,839,2031,214,0.545281,0.45749
32701,846,2015,215,0.57122,0.483252
32801,848,1963,212,0.570392,0.483693
32901,854,2074,212,0.55382,0.472962
33001,869,2032,218,0.553622,0.481098
33101,826,2031,216,0.566848,0.468217
33201,819,1983,227,0.545201,0.44652
33301,868,2034,226,0.574226,0.498428
33401,860,2011,221,0.564373,0.485361
33501,853,2023,231,0.566196,0.482966
33601,860,2047,225,0.562407,0.48367
33701,844,2050,225,0.541668,0.457168
33801,814,2100,211,0.549064,0.446938
33901,797,2068,215,0.562703,0.448474
34001,858,2085,221,0.543537,0.466355
34101,818,2059,222,0.553804,0.453011
34201,814,2059,214,0.555268,0.451988
34301,851,2062,235,0.560515,0.476998
34401,852,2032,222,0.557652,0.475119
34501,830,1998,229,0.57561,0.477757
34601,853,2113,227,0.535241,0.456561
34701,834,2020,235,0.542709,0.452619
34801,886,2081,225,0.54611,0.483853
34901,852,1953,220,0.55717,0.474709
35001,804,2045,234,0.554959,0.446187
35101,837,2067,225,0.548272,0.458904
35201,818,2017,229,0.534804,0.43747
35301,841,2079,234,0.56364,0.474021
35401,859,2074,239,0.57774,0.496279
35501,860,2051,239,0.570808,0.490895
35601,820,2066,237,0.548956,0.450144
35701,878,2115,233,0.523817,0.459911
35801,818,2001,234,0.536324,0.438713
35901,861,2097,234,0.564114,0.485703
36001,851,2055,242,0.56023,0.476756
36101,844,2021,247,0.55196,0.465854
36201,845,2075,240,0.565863,0.478154
36301,851,2077,233,0.540208,0.459717
36401,847,1989,245,0.554201,0.469408
36501,875,2045,249,0.543775,0.475803
36601,841,2030,245,0.585941,0.492776
36701,861,2148,242,0.553548,0.476604
36801,872,2081,249,0.548596,0.478376
36901,863,1987,251,0.595353,0.51379
37001,854,2103,261,0.553902,0.473033
37101,833,2090,253,0.55808,0.464881
37201,881,2142,248,0.545221,0.48034
37301,855,2233,259,0.551109,0.471198
37401,900,2167,262,0.573217,0.515896
37501,904,2139,274,0.522246,0.47211
37601,897,2109,257,0.564815,0.506639
37701,868,2144,260,0.540815,0.469427
37801,871,2118,254,0.56488,0.492011
37901,884,2137,255,0.568144,0.502239
38001,829,2175,256,0.575273,0.476901
38101,870,2168,262,0.576469,0.501528
38201,851,2146,250,0.564357,0.480268
38301,895,2160,247,0.542964,0.485952
38401,873,2174,241,0.547109,0.477626
38501,847,2155,259,0.56247,0.476412
38601,871,2176,261,0.526737,0.458788
38701,896,2170,250,0.562522,0.50402
38801,885,2150,252,0.564393,0.499488
38901,914,2182,273,0.558419,0.510395
39001,861,2108,267,0.543314,0.467793
39101,914,2210,264,0.538526,0.492213
39201,834,2115,269,0.557086,0.46461
39301,898,2161,264,0.558985,0.501969
39401,900,2119,250,0.555547,0.499992
39501,915,2186,268,0.564339,0.51637
39601,868,2138,272,0.54511,0.473155
39701,874,2093,262,0.557567,0.487313
39801,855,2140,277,0.555867,0.475266
39901,920,2279,271,0.559106,0.514377
40001,893,2171,277,0.559711,0.499822
40101,888,2197,262,0.541626,0.480964
40201,900,2104,272,0.546977,0.492279
40301,898,2064,271,0.576812,0.517977
40401,888,2044,271,0.552567,0.490679
40501,882,2105,281,0.557709,0.4919
40601,907,2134,265,0.552472,0.501093
40701,887,2212,266,0.547455,0.485593
40801,909,2148,263,0.571116,0.519145
40901,916,2195,274,0.569275,0.521456
41001,893,2179,278,0.567814,0.507058
41101,921,2086,289,0.575263,0.529817
41201,885,2095,289,0.556144,0.492188
41301,886,2213,282,0.552159,0.489213
41401,871,2100,286,0.575388,0.501163
41501,927,2212,281,0.57428,0.532357
41601,938,2204,278,0.557167,0.522623
41701,864,2157,271,0.57981,0.500956
41801,895,2165,274,0.557541,0.498999
41901,932,2159,277,0.556334,0.518504
42001,937,2191,278,0.534843,0.501148
42101,920,2236,273,0.561894,0.516942
42201,899,2187,290,0.581747,0.52299
42301,902,2232,273,0.527339,0.475659
42401,884,2196,274,0.570854,0.504635
42501,932,2205,283,0.551877,0.51435
42601,898,2303,271,0.541573,0.486332
42701,909,2281,278,0.551728,0.501521
42801,947,2183,276,0.558883,0.529262
42901,890,2202,284,0.540397,0.480953
43001,886,2195,286,0.590962,0.523592
43101,931,2216,282,0.594493,0.553473
43201,891,2227,279,0.572281,0.509902
43301,921,2334,289,0.563047,0.518567
43401,904,2311,292,0.551821,0.498846
43501,909,2260,278,0.560116,0.509145
43601,890,2198,289,0.572503,0.509528
43701,889,2197,294,0.583015,0.5183
43801,940,2276,283,0.546667,0.513867
43901,887,2275,284,0.541443,0.48026
44001,932,2251,284,0.550396,0.512969
44101,910,2209,288,0.56463,0.513813
44201,896,2189,282,0.585379,0.524499
44301,917,2185,288,0.570373,0.523032
44401,935,2282,299,0.529921,0.495476
44501,943,2302,293,0.564677,0.532491
44601,928,2275,292,0.564292,0.523663
44701,962,2288,293,0.566587,0.545056
44801,940,2230,300,0.564372,0.530509
44901,919,2252,303,0.574355,0.527832
45001,970,2250,303,0.553012,0.536422
45101,957,2305,290,0.559609,0.535546
45201,959,2317,309,0.559722,0.536774
45301,899,2298,305,0.571767,0.514019
45401,929,2278,301,0.544191,0.505554
45501,954,2290,301,0.570842,0.544584
45601,909,2294,308,0.564052,0.512724
45701,928,2205,297,0.57465,0.533275
45801,905,2212,317,0.555243,0.502495
45901,897,2174,313,0.57259,0.513613
46001,950,2239,317,0.5511,0.523545
46101,926,2272,314,0.584908,0.541625
46201,941,2283,311,0.550664,0.518175
46301,945,2301,312,0.570601,0.539218
46401,953,2301,300,0.541923,0.516453
46501,917,2225,297,0.556215,0.510049
46601,945,2303,311,0.567008,0.535823
46701,945,2301,307,0.568305,0.537048
46801,961,2336,326,0.561033,0.539153
46901,972,2366,305,0.543317,0.528104
47001,933,2316,323,0.563513,0.525758
47101,962,2310,308,0.556938,0.535774
47201,995,2358,312,0.567698,0.56486
47301,903,2304,314,0.538216,0.486009
47401,932,2331,320,0.549318,0.511964
47501,955,2344,318,0.558241,0.533121
47601,938,2302,313,0.542587,0.508946
47701,929,2268,316,0.550271,0.511202
47801,961,2308,327,0.556891,0.535173
47901,911,2331,310,0.579421,0.527852
48001,951,2357,321,0.572387,0.54434
48101,962,2412,323,0.548041,0.527216
48201,976,2314,329,0.548203,0.535046
48301,906,2336,316,0.563062,0.510134
48401,987,2275,322,0.557338,0.550093
48501,967,2317,308,0.555532,0.5372
48601,976,2357,316,0.548058,0.534905
48701,974,2257,329,0.553502,0.539111
48801,974,2424,315,0.551684,0.53734
48901,935,2320,315,0.573808,0.536511
49001,928,2417,313,0.573864,0.532546
49101,937,2431,330,0.566568,0.530874
49201,957,2376,325,0.57992,0.554983
49301,942,2362,321,0.554994,0.522804
49401,950,2428,326,0.533777,0.507088
49501,954,2252,336,0.582981,0.556164
49601,952,2338,326,0.548156,0.521845
49701,967,2325,326,0.569154,0.550372
49801,933,2400,330,0.561527,0.523904
49901,965,2429,331,0.532905,0.514254
50001,942,2344,328,0.577605,0.544104
50101,958,2360,326,0.558805,0.535335
50201,956,2319,323,0.538848,0.515139
50301,956,2400,331,0.552304,0.528003
50401,995,2381,345,0.544072,0.541351
50501,954,2428,347,0.562671,0.536788
50601,938,2377,346,0.560349,0.525608
50701,912,2398,345,0.529115,0.482552
50801,923,2306,337,0.562033,0.518757
50901,979,2273,351,0.591402,0.578982
51001,1033,2320,334,0.570765,0.5896
51101,982,2396,344,0.585452,0.574914
51201,969,2429,345,0.572595,0.554844
51301,963,2328,337,0.570804,0.549685
51401,995,2440,339,0.55514,0.552364
51501,958,2438,344,0.580855,0.556459
51601,995,2467,360,0.541762,0.539053
51701,954,2355,347,0.551734,0.526354
51801,982,2472,353,0.550801,0.540886
51901,970,2416,356,0.557091,0.540378
52001,976,2437,345,0.557982,0.54459
52101,957,2423,356,0.539438,0.516242
52201,994,2339,358,0.550571,0.547268
52301,972,2464,360,0.533021,0.518097
52401,1006,2490,363,0.541148,0.544395
52501,984,2525,356,0.529857,0.521379
52601,943,2393,358,0.55446,0.522855
52701,944,2346,364,0.512926,0.484202
52801,952,2352,360,0.548974,0.522623
52901,1023,2414,373,0.539762,0.552176
53001,996,2442,363,0.555821,0.553598
53101,952,2325,370,0.561972,0.534998
53201,1014,2473,363,0.546651,0.554304
53301,952,2418,365,0.537998,0.512174
53401,979,2455,361,0.558757,0.547024
53501,1001,2437,365,0.554647,0.555201
53601,975,2438,372,0.547815,0.534119
53701,999,2445,368,0.560387,0.559826
53801,958,2445,369,0.574394,0.550269
53901,941,2345,372,0.561185,0.528075
54001,965,2451,372,0.572407,0.552373
54101,961,2460,356,0.571075,0.548803
54201,984,2403,363,0.551832,0.543003
54301,1000,2381,371,0.57421,0.57421
54401,988,2440,369,0.54083,0.53434
54501,939,2379,375,0.57141,0.536554
54601,981,2419,365,0.549907,0.539459
54701,967,2457,370,0.559747,0.541275
54801,1012,2452,372,0.545817,0.552367
54901,1029,2507,368,0.570128,0.586662
55001,1030,2511,363,0.555918,0.572596
55101,1018,2405,377,0.590293,0.600918
55201,971,2496,365,0.548145,0.532249
55301,997,2350,369,0.573656,0.571935
55401,994,2424,360,0.57578,0.572325
55501,967,2534,375,0.583697,0.564435
55601,1003,2512,394,0.566685,0.568385
55701,972,2450,383,0.572806,0.556768
55801,1018,2509,387,0.556599,0.566618
55901,1019,2471,372,0.566886,0.577657
56001,960,2462,366,0.576053,0.553011
56101,1013,2499,387,0.553731,0.560929
56201,970,2460,381,0.56055,0.543733
56301,962,2412,369,0.568531,0.546927
56401,998,2429,372,0.556017,0.554905
56501,1020,2484,363,0.554818,0.565914
56601,1037,2550,377,0.54254,0.562614
56701,1061,2501,391,0.561843,0.596116
56801,1060,2521,383,0.55839,0.591894
56901,1002,2480,372,0.561518,0.562641
57001,956,2462,368,0.538025,0.514352
57101,992,2523,373,0.58485,0.580171
57201,996,2618,394,0.55402,0.551804
57301,1019,2540,386,0.54104,0.55132
57401,997,2475,387,0.555167,0.553501
57501,1058,2450,377,0.546293,0.577978
57601,1013,2570,380,0.534727,0.541678
57701,1014,2478,390,0.562867,0.570747
57801,1065,2559,380,0.55717,0.593386
57901,1018,2584,395,0.544066,0.553859
58001,1011,2495,385,0.586253,0.592702
58101,1031,2497,372,0.564664,0.582169
58201,1009,2555,391,0.554095,0.559082
58301,1028,2579,375,0.548385,0.563739
58401,1040,2533,380,0.554486,0.576665
58501,1017,2509,380,0.574176,0.583937
58601,1055,2544,373,0.576521,0.60823
58701,1038,2554,368,0.548649,0.569498
58801,1028,2473,380,0.562893,0.578654
58901,981,2593,387,0.550641,0.540179
59001,1006,2523,378,0.561263,0.56463
59101,1010,2529,372,0.548183,0.553665
59201,1007,2569,374,0.555559,0.559448
59301,1003,2493,385,0.555046,0.556711
59401,1028,2534,389,0.547237,0.56256
59501,968,2454,382,0.559989,0.542069
59601,1005,2605,398,0.548584,0.551327
59701,1064,2604,389,0.560153,0.596003
59801,1059,2596,387,0.589003,0.623754
59901,1024,2629,398,0.541784,0.554787
60001,1019,2642,398,0.525021,0.534996
60101,1039,2552,387,0.544677,0.56592
60201,995,2556,390,0.556545,0.553762
60301,1024,2497,390,0.556491,0.569847
60401,1039,2523,397,0.563148,0.585111
60501,1020,2570,382,0.555791,0.566906
60601,1044,2671,399,0.544841,0.568814
60701,1049,2551,389,0.542908,0.569511
60801,962,2541,396,0.531527,0.511329
60901,975,2476,391,0.568511,0.554298
61001,987,2549,400,0.56099,0.553697
61101,1014,2551,393,0.559729,0.567565
61201,1061,2573,392,0.565721,0.60023
61301,1058,2567,397,0.543455,0.574976
61401,1024,2522,400,0.547768,0.560915
61501,1066,2641,400,0.548497,0.584698
61601,1045,2602,397,0.538967,0.56322
61701,1035,2664,404,0.550532,0.5698
61801,1022,2617,405,0.542194,0.554122
61901,1040,2640,410,0.586744,0.610214
62001,1026,2587,406,0.550987,0.565313
62101,1051,2601,410,0.570289,0.599373
62201,1059,2563,404,0.597326,0.632569
62301,1069,2683,410,0.55739,0.59585
62401,1052,2665,409,0.560846,0.59001
62501,1010,2612,425,0.556876,0.562445
62601,1011,2708,410,0.577665,0.584019
62701,1078,2728,419,0.563495,0.607448
62801,1022,2688,417,0.55362,0.5658
62901,1050,2637,411,0.55985,0.587842
63001,1086,2589,403,0.584671,0.634953
63101,1062,2628,430,0.538276,0.571649
63201,1028,2627,403,0.563585,0.579365
63301,1011,2571,409,0.570904,0.577184
63401,1061,2672,422,0.55183,0.585492
63501,1067,2729,414,0.555315,0.592521
63601,1093,2693,425,0.55895,0.610932
63701,1052,2619,401,0.569777,0.599405
63801,1051,2586,406,0.561605,0.590247
63901,1067,2671,412,0.554733,0.5919
64001,1064,2624,417,0.54692,0.581923
64101,1071,2787,432,0.546224,0.585006
64201,1043,2654,422,0.553973,0.577793
64301,1024,2692,424,0.553079,0.566353
64401,1101,2717,425,0.550406,0.605997
64501,1062,2730,427,0.541968,0.57557
64601,1078,2719,431,0.562698,0.606589
64701,1057,2688,436,0.555325,0.586978
64801,1113,2705,437,0.550612,0.612831
64901,1134,2701,425,0.546901,0.620186
65001,1064,2675,425,0.564046,0.600145
65101,1087,2772,431,0.552528,0.600598
65201,1046,2806,421,0.551636,0.577011
65301,1098,2744,424,0.566376,0.621881
65401,1085,2716,433,0.531797,0.576999
65501,1072,2780,435,0.554169,0.594069
65601,1118,2681,429,0.551815,0.616929
65701,1059,2734,431,0.578141,0.612251
65801,1075,2746,439,0.563623,0.605895
65901,1081,2725,435,0.567387,0.613346
66001,1081,2845,435,0.552735,0.597507
66101,1102,2752,429,0.557082,0.613904
66201,1093,2770,434,0.575718,0.62926
66301,1135,2751,440,0.559142,0.634627
66401,1094,2797,453,0.549272,0.600904
66501,1135,2850,446,0.551253,0.625672
66601,1108,2772,449,0.587603,0.651064
66701,1107,2850,460,0.564041,0.624393
66801,1082,2780,460,0.547073,0.591933
66901,1126,2876,469,0.567651,0.639175
67001,1125,2849,465,0.58585,0.659082
67101,1123,2828,456,0.580069,0.651417
67201,1111,2703,456,0.564727,0.627412
67301,1101,2803,461,0.541341,0.596017
67401,1074,2808,460,0.558878,0.600235
67501,1066,2730,452,0.563706,0.600911
67601,1088,2848,463,0.567828,0.617797
67701,1121,2773,442,0.55214,0.618949
67801,1106,2762,455,0.582557,0.644308
67901,1107,2878,464,0.564953,0.625403
68001,1099,2771,454,0.55647,0.611561
68101,1161,2763,445,0.541175,0.628304
68201,1144,2839,455,0.575798,0.658713
68301,1146,2816,450,0.577797,0.662155
68401,1144,2802,459,0.557968,0.638315
68501,1143,2948,466,0.552069,0.631015
68601,1091,2858,463,0.55863,0.609465
68701,1160,2853,470,0.572058,0.663588
68801,1101,2860,458,0.564419,0.621426
68901,1127,2829,465,0.555626,0.62619
69001,1131,2851,454,0.569696,0.644327
69101,1084,2853,460,0.560404,0.607478
69201,1129,2779,461,0.576196,0.650526
69301,1126,2861,454,0.541093,0.60927
69401,1127,2876,457,0.565639,0.637475
69501,1165,2887,470,0.552189,0.6433
69601,1179,2958,460,0.537618,0.633851
69701,1143,2903,460,0.559436,0.639436
69801,1127,2822,455,0.557511,0.628315
69901,1181,2883,466,0.563344,0.665309
70001,1144,2920,473,0.564792,0.646122
70101,1155,2901,467,0.542714,0.626835
70201,1133,2870,459,0.567574,0.643062
70301,1139,2851,458,0.571726,0.651196
70401,1160,2826,459,0.551166,0.639352
70501,1153,2908,466,0.537618,0.619874
70601,1124,2937,454,0.561139,0.630721
70701,1147,2848,453,0.548984,0.629685
70801,1167,2896,440,0.534066,0.623255
70901,1117,2880,452,0.559232,0.624662
71001,1150,2826,463,0.555131,0.638401
71101,1159,2867,484,0.552123,0.63991
71201,1176,2963,469,0.552979,0.650303
71301,1150,2832,463,0.562136,0.646457
71401,1174,2954,471,0.568198,0.667064
71501,1204,2889,479,0.576336,0.693908
71601,1134,2967,478,0.516618,0.585845
71701,1119,2895,482,0.552974,0.618778
71801,1145,2848,465,0.574532,0.65784
71901,1116,2849,459,0.568455,0.634396
72001,1137,2940,477,0.536844,0.610392
72101,1138,2872,478,0.546075,0.621434
72201,1151,2941,483,0.581288,0.669062
72301,1166,2933,484,0.534363,0.623067
72401,1121,2817,462,0.545732,0.611766
72501,1212,3013,469,0.56663,0.686756
72601,1144,3006,451,0.546987,0.625753
72701,1185,2892,474,0.546419,0.647507
72801,1172,2837,472,0.577268,0.676559
72901,1152,2869,475,0.563115,0.648709
73001,1203,2896,482,0.583173,0.701557
73101,1234,2895,485,0.579709,0.715361
73201,1186,3048,478,0.543388,0.644458
73301,1194,3010,472,0.56735,0.677416
73401,1189,3027,484,0.552626,0.657073
73501,1179,3044,488,0.549632,0.648016
73601,1164,3031,501,0.559104,0.650797
73701,1156,2987,496,0.562933,0.650751
73801,1218,3010,504,0.568718,0.692699
73901,1230,3049,504,0.566092,0.696294
74001,1215,2977,502,0.531461,0.645726
74101,1250,2995,505,0.565113,0.706391
74201,1173,2866,487,0.533875,0.626235
74301,1157,2967,504,0.565135,0.653861
74401,1182,2960,498,0.56918,0.672771
74501,1182,2970,510,0.566219,0.669271
74601,1215,3121,501,0.562774,0.68377
74701,1210,2973,504,0.554509,0.670956
74801,1174,2984,514,0.55619,0.652967
74901,1229,2938,509,0.588739,0.72356
75001,1217,2975,506,0.583491,0.710108
75101,1250,3007,498,0.555942,0.694927
75201,1277,3171,506,0.557425,0.711832
75301,1198,3165,511,0.554777,0.664623
75401,1235,3065,509,0.541745,0.669055
75501,1251,3063,518,0.576494,0.721194
75601,1181,3063,505,0.551065,0.650808
75701,1201,2985,526,0.559787,0.672305
75801,1178,3030,511,0.565492,0.666149
75901,1223,3120,509,0.543003,0.664093
76001,1199,3087,510,0.575285,0.689767
76101,1230,2996,515,0.537451,0.661065
76201,1209,3131,514,0.562798,0.680423
76301,1215,3118,500,0.55211,0.670814
76401,1230,3128,498,0.560127,0.688956
76501,1247,3165,522,0.545946,0.680794
76601,1258,3106,507,0.539274,0.678407
76701,1238,3152,509,0.564048,0.698292
76801,1261,3213,515,0.548708,0.691921
76901,1250,3140,503,0.541821,0.677276
77001,1245,3066,512,0.549758,0.684449
77101,1233,3103,512,0.557886,0.687873
77201,1224,3109,511,0.564682,0.691171
77301,1261,3226,523,0.558478,0.704241
77401,1216,3181,519,0.554185,0.673889
77501,1203,3131,515,0.554648,0.667242
77601,1254,3140,512,0.557206,0.698737
77701,1249,3107,527,0.552698,0.690319
77801,1253,3110,524,0.553895,0.69403
77901,1245,3107,519,0.561058,0.698517
78001,1268,3090,523,0.560145,0.710264
78101,1282,3156,532,0.558451,0.715934
78201,1251,3152,533,0.563858,0.705387
78301,1230,3188,517,0.551927,0.67887
78401,1260,3200,531,0.552261,0.695849
78501,1249,3118,523,0.562733,0.702854
78601,1246,3206,538,0.552229,0.688078
78701,1200,3098,521,0.574299,0.689159
78801,1289,3246,535,0.558864,0.720376
78901,1273,3142,524,0.560489,0.713503
79001,1225,3164,522,0.574924,0.704282
79101,1237,3122,532,0.544708,0.673804
79201,1304,3181,517,0.547802,0.714333
79301,1242,3228,536,0.549794,0.682844
79401,1279,3163,526,0.560487,0.716863
79501,1287,3194,519,0.537458,0.691708
79601,1282,3145,533,0.560418,0.718456
79701,1315,3232,527,0.551299,0.724958
79801,1276,3174,506,0.562037,0.717159
79901,1310,3192,530,0.57811,0.757324
80001,1258,3192,519,0.556086,0.699556
80101,1252,3222,526,0.551256,0.690173
80201,1268,3157,519,0.558122,0.707699
80301,1294,3130,535,0.574937,0.743968
80401,1233,3184,519,0.565425,0.697169
80501,1303,3148,528,0.550566,0.717388
80601,1280,3237,522,0.561415,0.718611
80701,1317,3181,535,0.552729,0.727944
80801,1245,3209,528,0.547815,0.68203
80901,1317,3168,539,0.564142,0.742975
81001,1281,3148,528,0.551506,0.70648
81101,1256,3216,526,0.554371,0.69629
81201,1285,3127,535,0.551196,0.708287
81301,1284,3237,527,0.559171,0.717975
81401,1294,3263,515,0.576236,0.745649
81501,1300,3179,536,0.572232,0.743902
81601,1286,3295,536,0.549071,0.706106
81701,1320,3301,537,0.571752,0.754713
81801,1315,3265,539,0.551162,0.724778
81901,1310,3261,549,0.569462,0.745995
82001,1302,3269,536,0.557886,0.726368
82101,1342,3304,540,0.554973,0.744773
82201,1287,3263,532,0.552684,0.711305
82301,1319,3239,549,0.552564,0.728831
82401,1316,3444,548,0.532881,0.701272
82501,1284,3337,541,0.557961,0.716422
82601,1297,3206,537,0.580099,0.752389
82701,1271,3371,548,0.539387,0.685561
82801,1315,3285,554,0.56435,0.742121
82901,1328,3329,570,0.549675,0.729968
83001,1330,3364,559,0.559803,0.744538
83101,1281,3235,557,0.565424,0.724308
83201,1345,3349,567,0.558602,0.75132
83301,1325,3303,573,0.552834,0.732506
83401,1354,3472,564,0.538586,0.729245
83501,1312,3389,575,0.563441,0.739234
83601,1291,3345,572,0.555656,0.717352
83701,1282,3393,593,0.55678,0.713791
83801,1381,3388,560,0.557055,0.769293
83901,1342,3399,564,0.566801,0.760647
84001,1286,3362,563,0.550514,0.707961
84101,1362,3379,567,0.566819,0.772007
84201,1331,3504,571,0.553361,0.736523
84301,1403,3433,568,0.554722,0.778275
84401,1397,3382,573,0.576355,0.805168
84501,1376,3447,566,0.566646,0.779705
84601,1370,3373,587,0.551589,0.755677
84701,1361,3471,578,0.553203,0.75291
84801,1345,3462,573,0.552267,0.742799
84901,1429,3377,587,0.552148,0.78902
85001,1319,3398,575,0.565823,0.746321
85101,1395,3472,587,0.578862,0.807512
85201,1319,3382,574,0.559562,0.738062
85301,1354,3513,584,0.581147,0.786873
85401,1379,3478,579,0.548674,0.756622
85501,1433,3443,580,0.539613,0.773266
85601,1379,3414,592,0.543194,0.749064
85701,1317,3431,575,0.554137,0.729798
85801,1416,3540,577,0.553492,0.783744
85901,1351,3539,587,0.562088,0.759382
86001,1387,3450,595,0.56328,0.781269
86101,1382,3439,601,0.564075,0.779552
86201,1333,3476,601,0.570509,0.760489
86301,1376,3443,590,0.566597,0.779637
86401,1467,3710,588,0.548212,0.804227
86501,1389,3501,598,0.560761,0.778897
86601,1426,3541,602,0.562394,0.801974
86701,1429,3611,576,0.558589,0.798224
86801,1408,3538,589,0.565579,0.796335
86901,1375,3525,585,0.53891,0.741001
87001,1446,3522,586,0.569473,0.823458
87101,1401,3507,592,0.553324,0.775208
87201,1431,3662,593,0.563068,0.80575
87301,1381,3537,604,0.566914,0.782908
87401,1400,3537,584,0.556946,0.779724
87501,1400,3547,597,0.570975,0.799365
87601,1416,3545,611,0.55018,0.779055
87701,1414,3517,619,0.556242,0.786526
87801,1411,3559,605,0.573525,0.809244
87901,1474,3613,615,0.550821,0.811909
88001,1435,3536,600,0.545567,0.782889
88101,1474,3716,618,0.52991,0.781088
88201,1416,3503,623,0.561831,0.795552
88301,1415,3477,598,0.566951,0.802235
88401,1460,3588,609,0.56045,0.818257
88501,1428,3571,622,0.544569,0.777644
88601,1457,3607,630,0.56148,0.818076
88701,1428,3576,601,0.552883,0.789517
88801,1443,3605,610,0.572461,0.826061
88901,1443,3611,607,0.54613,0.788066
89001,1437,3742,587,0.563567,0.809846
89101,1404,3570,605,0.578159,0.811735
89201,1517,3699,618,0.551285,0.8363
89301,1389,3690,615,0.555105,0.77104
89401,1425,3623,625,0.543608,0.774641
89501,1508,3658,622,0.579276,0.873548
89601,1481,3684,620,0.573019,0.848642
89701,1467,3692,626,0.534309,0.783831
89801,1481,3767,612,0.552116,0.817684
89901,1478,3754,625,0.569085,0.841108
90001,1452,3645,639,0.560961,0.814516
90101,1482,3586,644,0.549399,0.814209
90201,1410,3612,631,0.555178,0.7828
90301,1474,3802,623,0.5538,0.816301
90401,1511,3708,623,0.544605,0.822899
90501,1471,3681,621,0.565147,0.831332
90601,1476,3661,622,0.555752,0.820291
90701,1468,3791,654,0.542829,0.796873
90801,1512,3804,643,0.547238,0.827423
90901,1482,3723,644,0.535621,0.79379
91001,1496,3716,647,0.558623,0.8357
91101,1496,3746,649,0.563878,0.843562
91201,1447,3737,644,0.581457,0.841368
91301,1467,3756,656,0.554233,0.813059
91401,1562,3770,645,0.561893,0.877677
91501,1524,3753,649,0.562448,0.857171
91601,1467,3749,663,0.535863,0.78611
91701,1497,3935,639,0.546387,0.817941
91801,1533,3791,635,0.55177,0.845864
91901,1495,3824,651,0.548862,0.820549
92001,1467,3706,655,0.561973,0.824415
92101,1537,3890,647,0.552691,0.849486
92201,1504,3697,644,0.563099,0.846901
92301,1573,3837,645,0.543831,0.855446
92401,1515,3844,650,0.550671,0.834267
92501,1516,3836,651,0.543829,0.824444
92601,1574,3792,651,0.551578,0.868184
92701,1549,3889,668,0.573603,0.888511
92801,1538,3909,656,0.556287,0.85557
92901,1552,3903,657,0.554162,0.860059
93001,1558,3833,662,0.555727,0.865822
93101,1602,3990,663,0.547807,0.877587
93201,1517,3776,655,0.563446,0.854747
93301,1523,3912,646,0.569071,0.866695
93401,1590,3926,668,0.56273,0.894741
93501,1559,3900,666,0.550303,0.857923
93601,1577,3912,667,0.5491,0.86593
93701,1545,3846,664,0.567461,0.876727
93801,1540,3931,671,0.528152,0.813354
93901,1538,3928,677,0.555252,0.853978
94001,1580,3966,675,0.561965,0.887905
94101,1609,3911,669,0.553654,0.890829
94201,1635,3947,668,0.552952,0.904076
94301,1606,4024,672,0.54214,0.870677
94401,1582,3971,660,0.546662,0.864819
94501,1595,4009,674,0.551132,0.879055
94601,1594,4133,663,0.54889,0.874931
94701,1566,4077,666,0.55222,0.864776
94801,1608,4001,675,0.553438,0.889929
94901,1601,3926,669,0.559708,0.896093
95001,1600,3931,669,0.57638,0.922207
95101,1628,4040,674,0.559551,0.910948
95201,1542,4051,677,0.565814,0.872485
95301,1588,4083,675,0.585498,0.92977
95401,1566,4017,674,0.549278,0.860169
95501,1593,4073,675,0.552491,0.880118
95601,1684,3999,681,0.553408,0.93194
95701,1585,3981,694,0.547219,0.867342
95801,1559,3962,686,0.568274,0.885939
95901,1551,3984,706,0.563653,0.874226
96001,1600,4069,687,0.565707,0.905131
96101,1586,3993,699,0.566237,0.898053
96201,1614,4086,686,0.556871,0.89879
96301,1609,3897,685,0.55968,0.900526
96401,1598,3885,707,0.56004,0.894943
96501,1602,4011,699,0.558981,0.895487
96601,1604,4012,713,0.556597,0.892781
96701,1611,4043,698,0.532409,0.857711
96801,1656,3992,695,0.54369,0.90035
96901,1633,4151,715,0.556395,0.908594
97001,1697,4231,710,0.526783,0.893951
97101,1618,3971,699,0.57088,0.923684
97201,1613,4065,712,0.547229,0.88268
97301,1610,4017,719,0.556237,0.895541
97401,1617,4044,701,0.546478,0.883655
97501,1660,4146,722,0.55714,0.924852
97601,1654,4083,722,0.549566,0.908982
97701,1703,4223,703,0.55476,0.944756
97801,1692,4095,702,0.553771,0.936981
97901,1666,4103,707,0.56232,0.936825
98001,1655,4115,700,0.562253,0.930529
98101,1665,4121,700,0.556451,0.926491
98201,1675,4257,710,0.568734,0.95263
98301,1684,4060,708,0.557792,0.939322
98401,1705,4194,709,0.55356,0.94382
98501,1664,4159,704,0.536784,0.893209
98601,1704,4239,705,0.54058,0.921149
98701,1719,4249,710,0.579838,0.996741
98801,1696,4218,718,0.557753,0.945949
98901,1670,4206,713,0.539928,0.90168
99001,1705,4156,716,0.557479,0.950502
99101,1708,4296,709,0.570246,0.97398
99201,1699,4250,713,0.567131,0.963556
99301,1733,4232,717,0.564234,0.977818
99401,1719,4382,730,0.545778,0.938192
99501,1693,4173,722,0.562388,0.952123
99601,1769,4290,729,0.56295,0.995858
99701,1725,4249,728,0.554436,0.956402
99801,1718,4221,746,0.563922,0.968818
99901,1713,4334,742,0.540553,0.925967
