cycle,Population_size,Deleterious_muts,Beneficial_muts,Mean_fitness,Intrinsic_fitness
1,1000,0,0,1.0,1.0
101,835,3417,43,0.498167,0.41597
201,768,3638,52,0.488816,0.375411
301,736,3772,48,0.498403,0.366825
401,774,3848,48,0.508308,0.393431
501,772,3762,59,0.509253,0.393143
601,770,4049,71,0.515286,0.39677
701,737,4002,55,0.498801,0.367616
801,722,4025,60,0.515068,0.371879
901,728,4194,63,0.488286,0.355472
1001,718,4081,79,0.524558,0.376632
1101,698,4159,81,0.489673,0.341792
1201,722,4113,65,0.486987,0.351605
1301,674,4139,63,0.506775,0.341566
1401,751,4161,67,0.513309,0.385495
1501,745,4219,72,0.48853,0.363955
1601,718,4127,65,0.510528,0.366559
1701,710,4272,85,0.48463,0.344087
1801,715,4255,74,0.497487,0.355703
1901,701,4121,65,0.499507,0.350154
2001,695,4131,74,0.511661,0.355605
2101,670,4147,71,0.49997,0.33498
2201,685,4178,69,0.502249,0.34404
2301,730,4237,75,0.528859,0.386067
2401,676,4106,78,0.517295,0.349691
2501,661,4120,68,0.511652,0.338202
2601,690,4169,65,0.485204,0.334791
2701,696,4178,70,0.512799,0.356908
2801,697,4260,79,0.485128,0.338134
2901,678,4170,75,0.511761,0.346974
3001,747,4424,75,0.51023,0.381142
3101,694,4273,72,0.505387,0.350738
3201,710,4407,82,0.492235,0.349487
3301,741,4387,65,0.525158,0.389142
3401,706,4320,81,0.502471,0.354744
3501,722,4438,85,0.531405,0.383675
3601,700,4488,75,0.524604,0.367223
3701,699,4367,95,0.507555,0.354781
3801,646,4244,85,0.519517,0.335608
3901,673,4206,84,0.524073,0.352701
4001,723,4313,98,0.516573,0.373482
4101,702,4537,82,0.502695,0.352892
4201,706,4391,76,0.524249,0.37012
4301,677,4361,87,0.509845,0.345165
4401,693,4473,80,0.495349,0.343277
4501,687,4432,97,0.525345,0.360912
4601,712,4441,90,0.512859,0.365156
4701,721,4450,89,0.49508,0.356953
4801,715,4516,79,0.497287,0.35556
4901,684,4567,91,0.499292,0.341516
5001,683,4485,87,0.513368,0.35063
5101,679,4542,77,0.47254,0.320855
5201,672,4354,86,0.531141,0.356927
5301,640,4343,93,0.491466,0.314538
5401,680,4569,87,0.50858,0.345834
5501,689,4471,97,0.533066,0.367282
5601,661,4422,93,0.485167,0.320696
5701,680,4447,95,0.519028,0.352939
5801,651,4408,106,0.520794,0.339037
5901,676,4409,100,0.518229,0.350323
6001,719,4390,94,0.504976,0.363078
6101,667,4436,98,0.505519,0.337181
6201,687,4535,106,0.494263,0.339559
6301,662,4392,96,0.524657,0.347323
6401,674,4465,92,0.483306,0.325748
6501,666,4363,89,0.49882,0.332214
6601,666,4427,90,0.502634,0.334754
6701,657,4438,91,0.487675,0.320402
6801,693,4571,96,0.516858,0.358183
6901,643,4453,96,0.502921,0.323378
7001,637,4391,91,0.508183,0.323713
7101,637,4410,99,0.505802,0.322196
7201,664,4406,82,0.509321,0.338189
7301,650,4417,90,0.514671,0.334536
7401,675,4524,79,0.510072,0.344298
7501,667,4529,85,0.512052,0.341539
7601,690,4548,83,0.494105,0.340932
7701,628,4373,89,0.514447,0.323073
7801,637,4323,103,0.506047,0.322352
7901,686,4480,91,0.498504,0.341974
8001,683,4569,90,0.49634,0.339
8101,695,4618,101,0.487805,0.339025
8201,675,4560,83,0.493235,0.332934
8301,663,4529,97,0.512965,0.340096
8401,673,4552,105,0.518834,0.349175
8501,634,4528,100,0.512711,0.325059
8601,660,4680,96,0.469417,0.309815
8701,649,4572,99,0.511736,0.332116
8801,621,4631,90,0.512805,0.318452
8901,680,4547,101,0.525883,0.3576
9001,670,4534,85,0.529059,0.35447
9101,665,4567,96,0.497672,0.330952
9201,702,4569,99,0.50447,0.354138
9301,678,4626,93,0.5229,0.354526
9401,647,4592,91,0.490999,0.317676
9501,642,4610,91,0.496208,0.318565
9601,656,4540,93,0.511867,0.335785
9701,652,4570,101,0.531851,0.346767
9801,663,4588,102,0.496933,0.329466
9901,622,4486,109,0.498556,0.310102
10001,636,4622,101,0.508965,0.323702
10101,658,4663,97,0.511897,0.336828
10201,671,4561,101,0.536015,0.359666
10301,669,4671,105,0.504305,0.33738
10401,643,4576,111,0.514297,0.330693
10501,649,4605,111,0.530244,0.344128
10601,649,4703,113,0.488449,0.317003
10701,645,4662,106,0.526104,0.339337
10801,647,4621,102,0.500913,0.324091
10901,628,4617,92,0.505928,0.317723
11001,622,4622,105,0.512358,0.318687
11101,633,4501,111,0.524548,0.332039
11201,611,4450,124,0.497508,0.303977
11301,630,4586,101,0.503612,0.317275
11401,677,4616,109,0.4983,0.337349
11501,658,4673,104,0.527672,0.347208
11601,646,4637,115,0.525593,0.339533
11701,654,4571,120,0.486355,0.318076
11801,656,4741,125,0.507652,0.333019
11901,657,4671,117,0.511244,0.335888
12001,623,4607,115,0.511815,0.318861
12101,659,4639,111,0.492325,0.324442
12201,637,4696,129,0.49518,0.31543
12301,645,4627,106,0.501272,0.323321
12401,619,4661,117,0.490113,0.30338
12501,640,4584,130,0.518251,0.33168
12601,646,4679,118,0.51747,0.334286
12701,626,4677,119,0.521197,0.326269
12801,568,4579,118,0.465567,0.264442
12901,637,4617,113,0.500616,0.318892
13001,628,4662,106,0.465533,0.292354
13101,636,4527,107,0.52308,0.332679
13201,643,4647,104,0.504907,0.324655
13301,636,4607,110,0.505853,0.321722
13401,605,4703,109,0.511029,0.309172
13501,610,4657,102,0.539697,0.329215
13601,619,4678,99,0.500297,0.309684
13701,647,4823,114,0.509558,0.329684
13801,657,4698,111,0.52563,0.345339
13901,652,4584,133,0.489811,0.319357
14001,625,4679,126,0.504685,0.315428
14101,632,4573,112,0.508615,0.321445
14201,643,4693,113,0.503372,0.323668
14301,634,4660,118,0.506322,0.321008
14401,605,4746,111,0.527023,0.318849
14501,631,4747,115,0.520087,0.328175
14601,658,4821,127,0.508343,0.334489
14701,636,4761,124,0.497305,0.316286
14801,655,4863,118,0.533945,0.349734
14901,648,4765,113,0.518191,0.335788
15001,623,4760,111,0.53317,0.332165
15101,625,4648,130,0.508546,0.317842
15201,612,4762,120,0.493926,0.302283
15301,609,4756,125,0.496097,0.302123
15401,635,4814,115,0.492236,0.31257
15501,605,4694,120,0.522928,0.316372
15601,626,4875,120,0.487498,0.305174
15701,610,4656,123,0.522927,0.318986
15801,617,4783,128,0.524687,0.323732
15901,611,4711,129,0.484376,0.295954
16001,607,4725,132,0.504972,0.306518
16101,587,4730,129,0.51215,0.300632
16201,613,4768,122,0.513396,0.314712
16301,624,4687,135,0.501698,0.313059
16401,648,4742,108,0.520465,0.337261
16501,611,4670,115,0.548017,0.334838
16601,600,4733,115,0.494236,0.296541
16701,589,4637,129,0.509007,0.299805
16801,571,4701,133,0.507947,0.290038
16901,567,4606,135,0.539005,0.305616
17001,591,4767,132,0.509259,0.300972
17101,580,4737,129,0.497525,0.288565
17201,586,4674,143,0.472212,0.276716
17301,572,4613,128,0.517203,0.29584
17401,573,4764,146,0.509679,0.292046
17501,614,4770,139,0.499074,0.306431
17601,561,4622,137,0.50146,0.281319
17701,571,4720,133,0.510223,0.291337
17801,583,4682,133,0.525462,0.306345
17901,607,4743,125,0.509792,0.309444
18001,575,4693,131,0.502395,0.288877
18101,592,4753,119,0.522453,0.309292
18201,591,4689,127,0.473765,0.279995
18301,626,4793,132,0.490145,0.306831
18401,603,4717,142,0.509519,0.30724
18501,605,4804,138,0.4874,0.294877
18601,585,4830,139,0.510546,0.298669
18701,615,4882,138,0.518427,0.318833
18801,589,4820,144,0.500328,0.294693
18901,576,4792,146,0.496286,0.285861
19001,591,4850,143,0.494353,0.292163
19101,561,4668,145,0.488885,0.274264
19201,598,4843,138,0.504256,0.301545
19301,585,4765,136,0.512784,0.299978
19401,554,4741,138,0.492964,0.273102
19501,586,4755,144,0.527025,0.308837
19601,602,4916,134,0.512826,0.308721
19701,594,4937,148,0.479355,0.284737
19801,637,4940,139,0.483229,0.307817
19901,567,4953,153,0.509224,0.28873
20001,565,4925,158,0.488368,0.275928
20101,580,4844,144,0.508899,0.295161
20201,605,4973,145,0.50973,0.308386
20301,555,4919,152,0.51091,0.283555
20401,605,4981,157,0.504327,0.305118
20501,595,4977,155,0.503312,0.299471
20601,589,4911,154,0.522264,0.307614
20701,599,5015,147,0.517177,0.309789
20801,581,4880,149,0.506252,0.294133
20901,603,4958,152,0.502102,0.302768
21001,581,5011,149,0.507818,0.295042
21101,601,4922,161,0.530248,0.318679
21201,561,4850,151,0.500813,0.280956
21301,599,5036,166,0.484055,0.289949
21401,577,5124,146,0.508594,0.293459
21501,592,5125,145,0.47606,0.281828
21601,595,5075,148,0.51018,0.303557
21701,565,5013,146,0.514481,0.290682
21801,562,4954,149,0.505902,0.284317
21901,598,5096,156,0.494635,0.295792
22001,603,5113,159,0.53438,0.322231
22101,576,4968,158,0.488972,0.281648
22201,590,4980,154,0.510515,0.301204
22301,586,5083,148,0.502503,0.294467
22401,585,5043,148,0.518123,0.303102
22501,572,4925,153,0.505386,0.289081
22601,553,5069,150,0.50957,0.281792
22701,570,4933,152,0.523846,0.298592
22801,554,5046,156,0.485707,0.269082
22901,554,4953,148,0.523408,0.289968
23001,561,5055,159,0.522184,0.292945
23101,582,5001,152,0.509862,0.296739
23201,549,5105,160,0.478617,0.26276
23301,576,5200,153,0.499422,0.287667
23401,554,4988,161,0.516392,0.286081
23501,562,5153,153,0.484997,0.272568
23601,564,5092,159,0.532896,0.300553
23701,534,5061,160,0.506399,0.270417
23801,572,5035,172,0.504108,0.28835
23901,561,4952,170,0.518611,0.290941
24001,570,5074,164,0.498327,0.284047
24101,563,5221,162,0.512609,0.288599
24201,560,5126,160,0.532357,0.29812
24301,527,5042,177,0.505433,0.266363
24401,558,4967,165,0.544544,0.303856
24501,570,5055,167,0.508345,0.289757
24601,576,4991,173,0.514367,0.296275
24701,575,5120,163,0.515522,0.296425
24801,547,5081,178,0.508573,0.27819
24901,582,5163,164,0.492085,0.286393
25001,540,5019,165,0.538464,0.290771
25101,568,5073,166,0.538619,0.305936
25201,567,5091,182,0.50537,0.286545
25301,589,5050,184,0.511754,0.301423
25401,569,5189,176,0.513915,0.292418
25501,545,5116,172,0.492092,0.26819
25601,591,5191,171,0.495469,0.292822
25701,550,5048,168,0.504279,0.277354
25801,583,5203,167,0.481063,0.28046
25901,547,5213,164,0.508001,0.277877
26001,565,5190,175,0.50469,0.28515
26101,570,5233,165,0.513202,0.292525
26201,572,5276,163,0.503342,0.287911
26301,594,5125,175,0.521487,0.309763
26401,582,5353,176,0.508647,0.296033
26501,567,5323,170,0.509244,0.288742
26601,551,5166,173,0.508726,0.280308
26701,534,5159,177,0.526952,0.281392
26801,547,5302,176,0.490229,0.268155
26901,549,5110,176,0.499245,0.274086
27001,566,5184,178,0.493341,0.279231
27101,571,5152,185,0.513388,0.293145
27201,549,5145,184,0.528405,0.290095
27301,547,5195,181,0.513384,0.280821
27401,547,5246,175,0.486794,0.266276
27501,572,5199,185,0.538411,0.307971
27601,558,5168,181,0.523396,0.292055
27701,564,5316,187,0.501979,0.283116
27801,549,5216,190,0.474446,0.260471
27901,576,5234,187,0.511399,0.294566
28001,559,5193,187,0.519993,0.290676
28101,564,5136,192,0.525319,0.29628
28201,562,5196,192,0.504823,0.28371
28301,579,5316,196,0.488336,0.282747
28401,540,5191,197,0.488848,0.263978
28501,550,5237,205,0.508319,0.279575
28601,533,5269,189,0.507572,0.270536
28701,546,5312,197,0.516083,0.281781
28801,546,5172,199,0.544362,0.297222
28901,517,5150,196,0.50275,0.259922
29001,542,5277,197,0.512458,0.277752
29101,557,5237,189,0.493128,0.274672
29201,551,5307,193,0.510202,0.281121
29301,525,5217,183,0.505185,0.265222
29401,520,5212,184,0.501691,0.260879
29501,537,5272,196,0.492882,0.264678
29601,537,5241,191,0.51869,0.278537
29701,549,5289,189,0.508687,0.279269
29801,497,5288,196,0.500867,0.248931
29901,515,5169,192,0.544475,0.280405
30001,543,5339,196,0.507544,0.275596
30101,556,5236,204,0.521737,0.290086
30201,521,5251,200,0.493811,0.257275
30301,544,5213,205,0.541701,0.294686
30401,532,5322,207,0.483328,0.257131
30501,534,5268,203,0.51429,0.274631
30601,545,5285,193,0.508644,0.277211
30701,534,5264,197,0.4862,0.259631
30801,539,5346,206,0.498927,0.268922
30901,517,5293,199,0.484292,0.250379
31001,531,5283,208,0.502401,0.266775
31101,521,5298,201,0.501485,0.261274
31201,532,5313,202,0.49745,0.264643
31301,511,5241,197,0.509268,0.260236
31401,516,5260,205,0.517008,0.266776
31501,525,5277,197,0.519959,0.272978
31601,515,5200,195,0.504153,0.259639
31701,495,5270,199,0.507873,0.251397
31801,502,5233,194,0.505596,0.253809
31901,518,5328,190,0.527768,0.273384
32001,491,5298,199,0.487739,0.23948
32101,509,5294,198,0.513842,0.261546
32201,517,5240,199,0.501407,0.259227
32301,539,5403,207,0.489541,0.263863
32401,541,5406,196,0.529009,0.286194
32501,503,5208,196,0.524363,0.263755
32601,500,5263,206,0.516788,0.258394
32701,501,5203,198,0.492329,0.246657
32801,491,5372,196,0.523081,0.256833
32901,498,5337,197,0.47838,0.238233
33001,486,5304,189,0.522334,0.253854
33101,533,5397,209,0.514975,0.274482
33201,502,5372,196,0.509371,0.255704
33301,514,5408,209,0.518369,0.266442
33401,517,5439,193,0.515357,0.26644
33501,504,5305,194,0.510426,0.257255
33601,512,5442,196,0.522356,0.267446
33701,520,5360,198,0.522874,0.271894
33801,506,5400,201,0.558885,0.282796
33901,497,5389,206,0.507145,0.252051
34001,507,5406,195,0.484803,0.245795
34101,496,5479,202,0.482449,0.239295
34201,533,5476,193,0.493177,0.262863
34301,526,5526,203,0.493656,0.259663
34401,498,5425,190,0.534722,0.266292
34501,505,5430,204,0.499577,0.252286
34601,489,5529,209,0.485046,0.237187
34701,492,5425,216,0.493412,0.242759
34801,509,5444,217,0.505506,0.257302
34901,504,5425,210,0.495497,0.24973
35001,496,5394,208,0.498979,0.247493
35101,509,5469,206,0.510164,0.259673
35201,492,5430,210,0.496296,0.244178
35301,496,5509,216,0.511692,0.253799
35401,498,5423,220,0.479338,0.23871
35501,513,5495,220,0.501307,0.25717
35601,482,5442,209,0.469741,0.226415
35701,507,5443,210,0.544884,0.276256
35801,507,5516,215,0.517888,0.262569
35901,502,5468,204,0.505784,0.253903
36001,501,5488,210,0.499043,0.250021
36101,511,5473,215,0.506061,0.258597
36201,487,5387,216,0.505319,0.24609
36301,474,5428,222,0.513102,0.24321
36401,498,5618,217,0.511491,0.254723
36501,454,5465,214,0.488438,0.221751
36601,515,5537,221,0.510531,0.262924
36701,485,5494,231,0.483814,0.23465
36801,515,5528,220,0.5063,0.260745
36901,476,5494,216,0.497638,0.236876
37001,491,5439,219,0.485579,0.238419
37101,517,5510,219,0.514284,0.265885
37201,500,5599,217,0.513316,0.256658
37301,489,5569,219,0.499291,0.244153
37401,480,5514,223,0.504228,0.24203
37501,481,5507,224,0.496765,0.238944
37601,479,5470,226,0.495941,0.237556
37701,461,5442,219,0.488119,0.225023
37801,449,5518,221,0.499406,0.224233
37901,479,5535,210,0.50233,0.240616
38001,474,5595,221,0.490762,0.232621
38101,497,5602,220,0.512991,0.254956
38201,466,5553,216,0.492055,0.229298
38301,490,5638,224,0.496003,0.243042
38401,474,5624,208,0.516504,0.244823
38501,483,5640,213,0.541814,0.261696
38601,462,5553,220,0.506027,0.233784
38701,463,5576,218,0.497447,0.230318
38801,463,5531,214,0.509569,0.23593
38901,470,5535,217,0.508648,0.239065
39001,482,5583,215,0.521446,0.251337
39101,486,5705,214,0.475374,0.231032
39201,463,5572,215,0.499411,0.231227
39301,483,5471,227,0.514599,0.248552
39401,484,5668,221,0.496295,0.240207
39501,484,5664,216,0.530325,0.256677
39601,469,5598,224,0.509069,0.238753
39701,442,5661,215,0.498608,0.220385
39801,481,5714,217,0.493372,0.237312
39901,496,5671,212,0.516198,0.256034
40001,516,5692,227,0.505239,0.260703
40101,486,5662,230,0.503287,0.244597
40201,444,5517,232,0.552378,0.245256
40301,458,5565,235,0.515029,0.235883
40401,478,5620,236,0.499411,0.238718
40501,447,5616,225,0.490012,0.219035
40601,456,5521,226,0.517739,0.236089
40701,445,5623,220,0.48779,0.217066
40801,488,5661,229,0.50297,0.245449
40901,474,5590,217,0.49767,0.235895
41001,470,5611,219,0.512574,0.24091
41101,448,5625,220,0.516242,0.231276
41201,455,5557,218,0.516545,0.235028
41301,436,5636,226,0.49516,0.21589
41401,450,5637,220,0.491769,0.221296
41501,491,5666,224,0.514645,0.252691
41601,453,5588,226,0.54605,0.247361
41701,443,5604,219,0.505026,0.223726
41801,445,5553,216,0.469749,0.209038
41901,461,5589,213,0.525707,0.242351
42001,436,5590,221,0.526447,0.229531
42101,443,5685,211,0.510044,0.225949
42201,422,5507,225,0.518689,0.218887
42301,441,5597,225,0.485605,0.214152
42401,452,5638,231,0.519263,0.234707
42501,481,5660,229,0.510569,0.245583
42601,435,5645,217,0.517401,0.22507
42701,430,5568,221,0.507739,0.218328
42801,430,5635,230,0.504902,0.217108
42901,419,5623,223,0.517541,0.21685
43001,437,5596,225,0.495635,0.216592
43101,461,5623,230,0.506088,0.233307
43201,450,5802,234,0.485171,0.218327
43301,438,5605,231,0.512164,0.224328
43401,463,5675,226,0.514735,0.238322
43501,421,5744,226,0.537941,0.226473
43601,451,5708,227,0.520501,0.234746
43701,439,5697,220,0.502728,0.220697
43801,428,5658,228,0.515184,0.220499
43901,414,5662,230,0.508299,0.210436
44001,414,5609,231,0.48773,0.20192
44101,427,5619,233,0.491438,0.209844
44201,458,5753,230,0.519296,0.237837
44301,419,5661,223,0.529993,0.222067
44401,442,5691,229,0.542867,0.239947
44501,439,5781,235,0.495403,0.217482
44601,439,5725,234,0.492171,0.216063
44701,419,5697,230,0.51719,0.216703
44801,402,5542,232,0.515559,0.207255
44901,432,5714,238,0.505687,0.218457
45001,427,5749,229,0.510904,0.218156
45101,376,5643,232,0.49133,0.18474
45201,402,5733,227,0.482894,0.194123
45301,399,5722,229,0.508314,0.202817
45401,414,5639,231,0.494312,0.204645
45501,430,5703,230,0.524742,0.225639
45601,427,5715,227,0.518198,0.221271
45701,419,5690,229,0.522259,0.218826
45801,380,5650,233,0.520256,0.197697
45901,468,5747,244,0.521045,0.243849
46001,416,5817,236,0.482134,0.200568
46101,437,5751,238,0.522199,0.228201
46201,427,5833,235,0.493901,0.210896
46301,426,5798,244,0.518372,0.220826
46401,411,5760,249,0.53579,0.22021
46501,397,5701,233,0.500516,0.198705
46601,424,5681,238,0.496184,0.210382
46701,418,5831,233,0.500128,0.209054
46801,436,5784,241,0.510525,0.222589
46901,396,5812,249,0.492686,0.195104
47001,411,5784,241,0.539367,0.22168
47101,396,5746,238,0.485035,0.192074
47201,395,5792,245,0.501373,0.198042
47301,397,5757,239,0.522002,0.207235
47401,395,5741,235,0.506395,0.200026
47501,389,5756,247,0.528821,0.205711
47601,403,5800,242,0.517804,0.208675
47701,422,5827,233,0.516886,0.218126
47801,404,5807,244,0.512187,0.206923
47901,403,5836,238,0.522417,0.210534
48001,395,5790,238,0.499059,0.197128
48101,390,5867,242,0.503424,0.196335
48201,394,5751,241,0.519839,0.204817
48301,389,5863,243,0.52837,0.205536
48401,411,5910,239,0.535749,0.220193
48501,387,5843,243,0.494688,0.191444
48601,407,5769,247,0.505729,0.205832
48701,362,5800,253,0.497606,0.180133
48801,396,5796,253,0.491633,0.194687
48901,373,5826,250,0.467147,0.174246
49001,388,5767,250,0.507386,0.196866
49101,358,5745,238,0.500156,0.179056
49201,372,5781,250,0.494621,0.183999
49301,393,5770,248,0.528935,0.207871
49401,413,5858,260,0.531183,0.219378
49501,410,5779,252,0.534158,0.219005
49601,385,5881,263,0.466107,0.179451
49701,394,5915,253,0.523339,0.206196
49801,395,5925,252,0.49303,0.194747
49901,354,5865,256,0.481091,0.170306
50001,380,5840,253,0.495898,0.188441
50101,359,5893,246,0.517085,0.185634
50201,389,5861,253,0.497236,0.193425
50301,376,5855,248,0.494617,0.185976
50401,372,5780,251,0.484032,0.18006
50501,363,5831,260,0.534807,0.194135
50601,371,5832,264,0.489764,0.181702
50701,375,5962,253,0.461565,0.173087
50801,365,5859,254,0.488722,0.178384
50901,370,5786,257,0.490861,0.181618
51001,372,5898,256,0.496433,0.184673
51101,344,5818,271,0.475105,0.163436
51201,353,5792,256,0.510709,0.18028
51301,370,5893,265,0.490768,0.181584
51401,367,5793,263,0.532813,0.195542
51501,376,5822,255,0.535989,0.201532
51601,362,5877,248,0.52899,0.191494
51701,350,5796,258,0.516669,0.180834
51801,376,5865,258,0.469636,0.176583
51901,397,5919,253,0.514326,0.204187
52001,378,5860,251,0.500565,0.189213
52101,369,5842,253,0.503254,0.185701
52201,360,5825,253,0.533884,0.192198
52301,350,5888,253,0.507439,0.177604
52401,363,5827,253,0.518117,0.188076
52501,346,5865,254,0.50481,0.174664
52601,339,5853,250,0.497738,0.168733
52701,346,5926,265,0.526518,0.182175
52801,376,5962,261,0.52107,0.195922
52901,392,6046,264,0.520318,0.203965
53001,365,5995,255,0.493766,0.180224
53101,342,5904,260,0.499957,0.170985
53201,335,5876,263,0.500199,0.167567
53301,347,5875,255,0.539777,0.187303
53401,329,5913,262,0.478128,0.157304
53501,341,5953,260,0.496663,0.169362
53601,335,5932,269,0.48927,0.163906
53701,357,5920,260,0.481602,0.171932
53801,321,5945,254,0.474323,0.152258
53901,364,6055,266,0.501568,0.182571
54001,347,5944,256,0.513486,0.17818
54101,350,5978,268,0.544847,0.190696
54201,329,5896,274,0.508483,0.167291
54301,352,5856,270,0.520829,0.183332
54401,363,5961,265,0.508585,0.184616
54501,362,6024,265,0.524721,0.189949
54601,355,5964,265,0.511295,0.18151
54701,339,5898,264,0.493233,0.167206
54801,329,5932,275,0.50356,0.165671
54901,336,5972,269,0.490124,0.164682
55001,355,5997,265,0.505421,0.179424
55101,320,5938,261,0.501644,0.160526
55201,351,5953,262,0.511543,0.179552
55301,341,5904,265,0.5285,0.180218
55401,356,6001,260,0.517225,0.184132
55501,331,5925,274,0.520013,0.172124
55601,314,5875,269,0.485895,0.152571
55701,324,5912,263,0.498279,0.161442
55801,351,5914,269,0.502348,0.176324
55901,337,5970,275,0.499569,0.168355
56001,322,5993,264,0.509224,0.16397
56101,326,5983,269,0.547917,0.178621
56201,307,5967,266,0.511495,0.157029
56301,309,5934,270,0.495483,0.153104
56401,323,5946,266,0.467377,0.150963
56501,324,5906,265,0.486085,0.157491
56601,348,6041,263,0.508041,0.176798
56701,318,5998,269,0.484113,0.153948
56801,348,6019,269,0.504669,0.175625
56901,308,5957,276,0.538227,0.165774
57001,344,5962,270,0.490022,0.168568
57101,306,5938,266,0.500415,0.153127
57201,335,6012,274,0.511039,0.171198
57301,314,6082,264,0.482288,0.151438
57401,327,6059,272,0.524429,0.171488
57501,307,6010,272,0.523471,0.160706
57601,295,5981,279,0.495109,0.146057
57701,318,6051,272,0.504621,0.160469
57801,312,6046,280,0.538518,0.168018
57901,324,6034,288,0.513473,0.166365
58001,307,5957,287,0.516826,0.158666
58101,293,6019,276,0.483236,0.141588
58201,315,6037,284,0.532889,0.16786
58301,293,6041,280,0.497433,0.145748
58401,295,6041,278,0.470414,0.138772
58501,306,6066,284,0.49126,0.150326
58601,289,6007,272,0.48511,0.140197
58701,314,6054,278,0.494291,0.155207
58801,319,6028,277,0.52004,0.165893
58901,304,6059,282,0.542408,0.164892
59001,300,6004,286,0.513857,0.154157
59101,302,5986,273,0.50791,0.153389
59201,284,5998,270,0.526558,0.149543
59301,297,6084,284,0.498442,0.148037
59401,291,6037,278,0.465628,0.135498
59501,312,6083,273,0.482395,0.150507
59601,281,5928,281,0.53663,0.150793
59701,287,6055,279,0.486318,0.139573
59801,304,6029,276,0.508986,0.154732
59901,286,6044,277,0.519141,0.148474
60001,285,5992,276,0.522005,0.148771
60101,276,6014,276,0.535106,0.147689
60201,274,6098,275,0.542771,0.148719
60301,284,6132,277,0.476275,0.135262
60401,286,6106,282,0.506499,0.144859
60501,264,6127,281,0.496509,0.131078
60601,288,6128,279,0.548329,0.157919
60701,257,6026,287,0.48768,0.125334
60801,285,6194,286,0.466683,0.133005
60901,274,6141,285,0.49546,0.135756
61001,299,6197,276,0.468192,0.139989
61101,269,6115,283,0.512276,0.137802
61201,283,6109,285,0.501069,0.141803
61301,311,6165,284,0.501883,0.156086
61401,291,6164,285,0.493213,0.143525
61501,288,6087,284,0.522223,0.1504
61601,271,6083,288,0.499613,0.135395
61701,263,6095,286,0.495987,0.130445
61801,269,6168,287,0.489169,0.131586
61901,257,6137,295,0.496696,0.127651
62001,284,6130,292,0.524646,0.148999
62101,264,6075,290,0.4992,0.131789
62201,268,6111,285,0.540997,0.144987
62301,263,6107,287,0.502904,0.132264
62401,275,6209,285,0.511103,0.140553
62501,282,6173,285,0.488741,0.137825
62601,272,6193,289,0.536539,0.145939
62701,271,6226,287,0.50491,0.136831
62801,260,6183,284,0.531073,0.138079
62901,266,6193,290,0.538423,0.143221
63001,259,6141,285,0.515527,0.133521
63101,272,6202,286,0.539546,0.146757
63201,273,6194,285,0.519175,0.141735
63301,276,6214,287,0.511751,0.141243
63401,268,6195,283,0.491153,0.131629
63501,256,6221,290,0.468761,0.120003
63601,269,6267,288,0.501559,0.134919
63701,261,6219,287,0.50849,0.132716
63801,247,6239,288,0.499642,0.123412
63901,269,6179,293,0.532847,0.143336
64001,257,6153,295,0.502657,0.129183
64101,248,6228,292,0.502038,0.124505
64201,256,6204,290,0.508986,0.130301
64301,275,6216,288,0.50864,0.139876
64401,266,6210,297,0.544266,0.144775
64501,279,6309,295,0.511462,0.142698
64601,240,6250,293,0.536758,0.128822
64701,260,6250,293,0.533111,0.138609
64801,270,6369,297,0.515905,0.139294
64901,249,6270,297,0.497021,0.123758
65001,253,6227,292,0.512255,0.129601
65101,252,6258,288,0.47429,0.119521
65201,258,6298,293,0.506405,0.130653
65301,260,6243,293,0.498236,0.129541
65401,230,6210,297,0.470357,0.108182
65501,242,6245,290,0.511142,0.123696
65601,242,6285,295,0.528803,0.12797
65701,256,6333,292,0.533926,0.136685
65801,238,6267,292,0.531563,0.126512
65901,241,6271,290,0.498305,0.120092
66001,257,6318,298,0.521393,0.133998
66101,232,6259,297,0.487741,0.113156
66201,244,6298,297,0.512518,0.125054
66301,237,6344,301,0.481401,0.114092
66401,251,6257,302,0.513147,0.1288
66501,225,6276,294,0.507468,0.11418
66601,232,6276,288,0.544784,0.12639
66701,219,6282,304,0.471699,0.103302
66801,226,6259,292,0.521624,0.117887
66901,217,6203,294,0.485533,0.105361
67001,225,6200,295,0.544141,0.122432
67101,242,6334,292,0.517887,0.125329
67201,218,6254,290,0.500056,0.109012
67301,240,6355,297,0.497409,0.119378
67401,224,6366,298,0.482845,0.108157
67501,216,6251,302,0.512009,0.110594
67601,237,6299,304,0.492996,0.11684
67701,234,6331,303,0.559093,0.130828
67801,214,6314,305,0.523723,0.112077
67901,234,6389,307,0.499929,0.116983
68001,210,6310,303,0.533722,0.112082
68101,213,6307,298,0.532296,0.113379
68201,222,6367,312,0.516492,0.114661
68301,203,6309,304,0.522042,0.105974
68401,230,6421,309,0.532637,0.122507
68501,224,6354,308,0.517871,0.116003
68601,221,6386,310,0.462563,0.102226
68701,228,6387,308,0.484707,0.110513
68801,230,6402,307,0.498318,0.114613
68901,202,6352,312,0.594211,0.120031
69001,232,6339,302,0.494073,0.114625
69101,224,6438,309,0.496835,0.111291
69201,206,6349,306,0.496644,0.102309
69301,223,6389,309,0.466713,0.104077
69401,203,6360,305,0.550053,0.111661
69501,214,6369,310,0.509678,0.109071
69601,195,6378,309,0.526851,0.102736
69701,185,6407,308,0.489755,0.0906047
69801,191,6362,312,0.524772,0.100231
69901,197,6399,314,0.46966,0.0925231
70001,205,6377,313,0.511813,0.104922
70101,210,6406,314,0.511715,0.10746
70201,197,6441,315,0.533236,0.105048
70301,181,6355,315,0.500714,0.0906293
70401,163,6311,309,0.561071,0.0914546
70501,180,6398,317,0.521979,0.0939562
70601,182,6367,306,0.538211,0.0979544
70701,194,6370,311,0.497001,0.0964182
70801,199,6387,314,0.452741,0.0900954
70901,200,6388,311,0.517319,0.103464
71001,177,6422,322,0.465708,0.0824304
71101,158,6419,320,0.52252,0.0825581
71201,165,6351,315,0.482672,0.0796408
71301,196,6401,313,0.523812,0.102667
71401,190,6386,313,0.571697,0.108622
71501,190,6447,314,0.519029,0.0986156
71601,189,6469,312,0.492116,0.0930099
71701,173,6360,318,0.511728,0.088529
71801,194,6422,314,0.55207,0.107102
71901,187,6463,318,0.528402,0.0988112
72001,205,6468,321,0.477087,0.0978028
72101,179,6493,318,0.499221,0.0893606
72201,192,6429,314,0.532337,0.102209
72301,189,6500,316,0.508338,0.0960759
72401,171,6431,310,0.500594,0.0856015
72501,183,6475,315,0.519419,0.0950537
72601,180,6573,312,0.543405,0.097813
72701,176,6549,317,0.505082,0.0888944
72801,163,6441,315,0.48873,0.079663
72901,160,6496,316,0.466219,0.074595
73001,175,6536,319,0.471558,0.0825227
73101,149,6457,313,0.459088,0.0684041
73201,164,6491,314,0.519765,0.0852414
73301,159,6457,321,0.513646,0.0816697
73401,159,6475,314,0.464324,0.0738275
73501,167,6481,315,0.497281,0.0830459
73601,172,6563,314,0.480436,0.082635
73701,170,6560,319,0.529384,0.0899953
73801,166,6546,316,0.55739,0.0925267
73901,167,6557,315,0.489259,0.0817062
74001,160,6522,315,0.519742,0.0831587
74101,154,6530,318,0.493796,0.0760446
74201,150,6523,317,0.471311,0.0706966
74301,154,6543,315,0.519391,0.0799862
74401,162,6551,317,0.515889,0.083574
74501,162,6624,314,0.495419,0.0802578
74601,149,6515,319,0.503087,0.0749599
74701,156,6596,317,0.501769,0.0782759
74801,144,6577,315,0.520086,0.0748923
74901,155,6575,312,0.513461,0.0795865
75001,152,6613,316,0.473034,0.0719012
75101,153,6566,317,0.50292,0.0769468
75201,142,6525,320,0.512267,0.0727419
75301,152,6643,318,0.509442,0.0774352
75401,132,6581,320,0.495857,0.0654531
75501,129,6548,321,0.533897,0.0688727
75601,139,6543,321,0.478842,0.0665591
75701,140,6623,327,0.51547,0.0721658
75801,143,6595,325,0.53104,0.0759386
75901,150,6649,318,0.472864,0.0709296
76001,145,6563,317,0.481212,0.0697757
76101,113,6583,316,0.505781,0.0571533
76201,142,6650,313,0.491246,0.0697569
76301,137,6619,315,0.522195,0.0715407
76401,137,6637,317,0.55344,0.0758213
76501,139,6614,320,0.481056,0.0668668
76601,136,6680,316,0.508157,0.0691093
76701,148,6619,325,0.493573,0.0730487
76801,140,6628,322,0.488522,0.0683931
76901,140,6635,321,0.468581,0.0656013
77001,134,6604,319,0.517112,0.069293
77101,129,6646,320,0.480335,0.0619632
77201,136,6732,318,0.475406,0.0646552
77301,125,6600,318,0.576686,0.0720857
77401,130,6678,318,0.57189,0.0743457
77501,120,6629,318,0.519656,0.0623587
77601,128,6665,322,0.481336,0.061611
77701,139,6663,321,0.485421,0.0674736
77801,122,6655,323,0.521855,0.0636663
77901,120,6684,321,0.556581,0.0667898
78001,109,6700,324,0.506117,0.0551667
78101,106,6658,322,0.511442,0.0542129
78201,99,6627,321,0.531343,0.052603
78301,110,6662,321,0.489774,0.0538752
78401,101,6652,320,0.547954,0.0553433
78501,113,6653,323,0.477702,0.0539803
78601,105,6649,325,0.487717,0.0512103
78701,103,6684,324,0.495727,0.0510599
78801,102,6683,326,0.599955,0.0611954
78901,122,6725,328,0.49048,0.0598385
79001,115,6694,321,0.470136,0.0540656
79101,99,6705,323,0.523247,0.0518015
79201,93,6686,324,0.530686,0.0493538
79301,104,6736,327,0.534398,0.0555774
79401,95,6717,324,0.582796,0.0553656
79501,106,6731,325,0.526574,0.0558168
79601,105,6750,327,0.460141,0.0483148
79701,107,6749,325,0.523329,0.0559962
79801,93,6717,325,0.511468,0.0475665
79901,99,6725,328,0.493893,0.0488954
80001,97,6737,325,0.532018,0.0516057
80101,80,6709,326,0.479902,0.0383922
80201,93,6722,325,0.487514,0.0453388
80301,89,6732,329,0.467748,0.0416296
80401,97,6749,331,0.480372,0.0465961
80501,96,6778,328,0.507186,0.0486898
80601,94,6765,336,0.515248,0.0484333
80701,86,6706,333,0.701273,0.0603095
80801,86,6737,331,0.442334,0.0380407
80901,82,6773,333,0.545101,0.0446983
81001,76,6772,333,0.512253,0.0389313
81101,90,6774,329,0.548689,0.049382
81201,77,6766,332,0.444491,0.0342258
81301,75,6818,331,0.53336,0.040002
81401,81,6784,326,0.513609,0.0416023
81501,71,6778,333,0.423578,0.030074
81601,66,6781,329,0.499141,0.0329433
81701,76,6832,330,0.480651,0.0365295
81801,66,6768,328,0.476885,0.0314744
81901,57,6762,332,0.494125,0.0281651
82001,69,6761,329,0.589817,0.0406974
82101,68,6809,332,0.580349,0.0394637
82201,73,6846,336,0.522422,0.0381368
82301,69,6849,335,0.49447,0.0341184
82401,73,6835,334,0.59478,0.0434189
82501,83,6845,333,0.528182,0.0438391
82601,66,6863,334,0.526373,0.0347406
82701,64,6830,333,0.415863,0.0266153
82801,57,6826,332,0.509011,0.0290136
82901,60,6847,334,0.469022,0.0281413
83001,60,6838,340,0.530663,0.0318398
83101,60,6850,337,0.464342,0.0278605
83201,57,6872,342,0.484015,0.0275889
83301,61,6890,339,0.474472,0.0289428
83401,52,6875,344,0.552781,0.0287446
83501,46,6875,340,0.424147,0.0195108
83601,56,6887,339,0.495513,0.0277488
83701,53,6887,345,0.395181,0.0209446
83801,51,6890,345,0.479711,0.0244652
83901,49,6877,342,0.493599,0.0241863
84001,42,6885,343,0.618421,0.0259737
84101,40,6921,342,0.587409,0.0234964
84201,36,6894,343,0.449475,0.0161811
84301,36,6859,339,0.620098,0.0223235
84401,24,6850,340,0.445231,0.0106855
84501,37,6905,341,0.456799,0.0169016
84601,35,6901,341,0.519311,0.0181759
84701,35,6918,341,0.493824,0.0172838
84801,34,6939,340,0.494758,0.0168218
84901,37,6945,344,0.50742,0.0187745
85001,33,6980,342,0.389266,0.0128458
85101,22,6968,342,0.647026,0.0142346
85201,22,6929,342,0.591615,0.0130155
85301,24,6960,343,0.436667,0.01048
85401,15,6940,343,0.480812,0.00721218
85501,18,6962,342,0.544021,0.00979238
85601,15,6986,343,0.461373,0.0069206
85701,13,6970,343,0.576114,0.00748948
85801,10,6994,344,0.362312,0.00362312
85901,4,6993,345,1.40942,0.00563769
86001,6,6995,345,0.527963,0.00316778
86101,5,7020,346,0.517291,0.00258646
