cycle,Population_size,Deleterious_muts,Beneficial_muts,Mean_fitness,Intrinsic_fitness
1,1000,0,0,1.0,1.0
101,915,4264,48,0.470379,0.430396
201,901,4863,47,0.505353,0.455323
301,841,4988,70,0.498344,0.419107
401,860,5272,61,0.481134,0.413775
501,804,5322,61,0.510881,0.410748
601,844,5365,60,0.516415,0.435854
701,840,5437,74,0.494289,0.415203
801,781,5658,88,0.508947,0.397488
901,836,5717,77,0.490832,0.410335
1001,809,5691,69,0.509262,0.411993
1101,777,5647,60,0.523775,0.406973
1201,803,5775,81,0.53991,0.433548
1301,814,5886,90,0.495735,0.403528
1401,805,6005,80,0.515832,0.415245
1501,802,5960,71,0.528374,0.423756
1601,815,6142,78,0.504521,0.411185
1701,763,6088,75,0.484682,0.369812
1801,808,6053,74,0.493546,0.398785
1901,779,6070,69,0.503904,0.392541
2001,766,6144,78,0.52831,0.404685
2101,791,5942,74,0.531166,0.420152
2201,788,6155,80,0.485851,0.38285
2301,730,6038,71,0.516138,0.376781
2401,776,6109,78,0.489364,0.379746
2501,786,6147,77,0.500728,0.393572
2601,798,6105,73,0.508085,0.405452
2701,734,6201,86,0.486303,0.356947
2801,746,6112,93,0.501299,0.373969
2901,740,6115,83,0.492089,0.364146
3001,740,6170,86,0.480922,0.355882
3101,791,6236,91,0.516491,0.408544
3201,761,6203,78,0.492409,0.374723
3301,804,6317,80,0.524676,0.421839
3401,752,6267,82,0.488587,0.367417
3501,759,6239,84,0.526848,0.399878
3601,778,6260,83,0.494974,0.38509
3701,756,6353,77,0.487914,0.368863
3801,733,6213,71,0.542387,0.39757
3901,764,6372,80,0.529814,0.404778
4001,726,6167,82,0.499802,0.362857
4101,730,6264,81,0.51472,0.375746
4201,738,6159,91,0.490451,0.361953
4301,776,6414,86,0.500491,0.388381
4401,731,6228,78,0.498123,0.364128
4501,746,6306,86,0.501767,0.374318
4601,746,6192,89,0.516864,0.385581
4701,712,6385,79,0.495973,0.353132
4801,739,6489,80,0.502258,0.371168
4901,721,6479,87,0.470932,0.339542
5001,715,6396,79,0.474169,0.339031
5101,750,6540,92,0.491529,0.368647
5201,697,6327,90,0.50649,0.353024
5301,724,6505,99,0.485955,0.351832
5401,680,6317,92,0.498185,0.338766
5501,757,6363,101,0.498325,0.377232
5601,738,6511,114,0.48651,0.359045
5701,720,6244,108,0.520707,0.374909
5801,701,6400,96,0.510535,0.357885
5901,725,6428,97,0.526133,0.381446
6001,748,6441,106,0.507744,0.379793
6101,693,6157,102,0.486774,0.337334
6201,752,6396,102,0.514969,0.387256
6301,716,6365,102,0.48637,0.348241
6401,704,6427,110,0.487375,0.343112
6501,740,6531,101,0.504945,0.373659
6601,733,6665,104,0.496093,0.363637
6701,706,6373,108,0.520812,0.367693
6801,729,6358,101,0.496865,0.362215
6901,711,6498,101,0.493091,0.350588
7001,691,6447,101,0.498315,0.344336
7101,738,6404,115,0.498941,0.368219
7201,689,6494,87,0.51455,0.354525
7301,730,6477,104,0.503807,0.367779
7401,744,6531,108,0.502008,0.373494
7501,715,6430,103,0.480086,0.343262
7601,711,6521,111,0.502176,0.357047
7701,705,6524,117,0.5099,0.35948
7801,745,6422,114,0.513545,0.382591
7901,693,6461,120,0.520945,0.361015
8001,672,6520,116,0.501032,0.336694
8101,743,6560,112,0.48874,0.363134
8201,721,6436,118,0.527836,0.38057
8301,676,6375,116,0.497601,0.336378
8401,704,6470,121,0.49437,0.348036
8501,689,6584,126,0.482626,0.332529
8601,693,6525,115,0.462798,0.320719
8701,715,6476,126,0.501326,0.358448
8801,741,6457,118,0.488733,0.362151
8901,717,6542,103,0.507143,0.363621
9001,724,6667,113,0.505358,0.365879
9101,703,6674,106,0.494123,0.347368
9201,705,6587,110,0.485973,0.342611
9301,719,6550,108,0.497792,0.357913
9401,689,6546,102,0.488308,0.336444
9501,678,6723,109,0.510242,0.345944
9601,707,6646,113,0.494653,0.34972
9701,685,6716,104,0.5163,0.353665
9801,732,6808,114,0.500622,0.366455
9901,705,6677,110,0.495837,0.349565
10001,703,6682,113,0.500949,0.352167
10101,700,6712,125,0.509862,0.356903
10201,708,6752,112,0.504847,0.357431
10301,690,6533,111,0.495896,0.342169
10401,695,6552,114,0.479407,0.333188
10501,676,6643,113,0.488598,0.330292
10601,714,6692,113,0.506841,0.361884
10701,675,6673,120,0.49162,0.331843
10801,675,6768,116,0.473993,0.319945
10901,676,6728,123,0.487338,0.32944
11001,677,6733,122,0.50359,0.340931
11101,705,6871,126,0.483895,0.341146
11201,674,6657,124,0.50306,0.339063
11301,710,6692,129,0.508338,0.36092
11401,689,6694,135,0.533288,0.367435
11501,685,6776,128,0.485948,0.332875
11601,686,6674,118,0.492892,0.338124
11701,681,6729,123,0.502929,0.342495
11801,700,6759,125,0.533253,0.373277
11901,696,6711,128,0.488663,0.340109
12001,703,6778,124,0.518392,0.36443
12101,674,6848,123,0.523958,0.353148
12201,653,6712,128,0.492171,0.321388
12301,683,6696,119,0.491529,0.335714
12401,677,6830,129,0.487833,0.330263
12501,674,6776,124,0.498123,0.335735
12601,700,6853,132,0.509424,0.356597
12701,654,6839,125,0.515421,0.337086
12801,662,6845,127,0.502495,0.332652
12901,657,6921,134,0.491145,0.322682
13001,665,6961,137,0.504359,0.335399
13101,689,6907,141,0.493765,0.340204
13201,671,6869,153,0.511968,0.343531
13301,704,6935,146,0.503704,0.354608
13401,684,7042,142,0.496793,0.339807
13501,700,7016,146,0.507931,0.355552
13601,710,7058,144,0.494629,0.351186
13701,662,7047,143,0.49965,0.330768
13801,709,7038,141,0.484404,0.343442
13901,668,6858,137,0.49055,0.327687
14001,670,6846,144,0.526194,0.35255
14101,687,6882,146,0.50411,0.346324
14201,672,6985,139,0.500678,0.336456
14301,661,6866,143,0.50703,0.335147
14401,675,6777,130,0.509727,0.344066
14501,689,6936,135,0.504806,0.347811
14601,643,6984,132,0.510447,0.328217
14701,656,7012,145,0.509239,0.334061
14801,642,6879,149,0.496905,0.319013
14901,691,7078,125,0.480992,0.332366
15001,633,6948,143,0.507596,0.321309
15101,691,7010,140,0.489042,0.337928
15201,675,6957,144,0.495484,0.334452
15301,707,7140,142,0.509575,0.36027
15401,694,7126,136,0.508659,0.353009
15501,680,7049,138,0.50039,0.340265
15601,660,7148,138,0.492563,0.325091
15701,654,7204,146,0.471143,0.308127
15801,687,7128,128,0.483849,0.332404
15901,670,7097,148,0.504265,0.337858
16001,667,7216,141,0.508838,0.339395
16101,661,7085,133,0.517298,0.341934
16201,647,7063,150,0.508327,0.328887
16301,649,7116,169,0.500103,0.324567
16401,658,7124,155,0.531184,0.349519
16501,662,7134,160,0.530969,0.351501
16601,643,7247,156,0.493601,0.317386
16701,670,7181,158,0.514449,0.344681
16801,635,7168,152,0.495988,0.314953
16901,632,7140,148,0.515183,0.325595
17001,634,7146,159,0.523205,0.331712
17101,671,7005,164,0.503032,0.337535
17201,682,7160,147,0.5029,0.342978
17301,650,7094,149,0.503536,0.327299
17401,687,7239,157,0.487397,0.334841
17501,665,7234,156,0.488471,0.324833
17601,650,7374,168,0.517252,0.336214
17701,653,7320,155,0.507811,0.331601
17801,633,7239,162,0.488098,0.308966
17901,644,7378,150,0.504979,0.325206
18001,672,7466,149,0.480755,0.323067
18101,694,7327,152,0.524663,0.364116
18201,667,7439,172,0.517707,0.34531
18301,694,7441,162,0.506128,0.351253
18401,694,7398,169,0.517571,0.359194
18501,653,7473,167,0.491861,0.321185
18601,675,7527,175,0.53006,0.35779
18701,655,7549,169,0.497726,0.326011
18801,647,7485,156,0.516218,0.333993
18901,658,7440,159,0.518108,0.340915
19001,681,7506,153,0.497813,0.33901
19101,617,7389,162,0.499062,0.307921
19201,629,7455,177,0.524078,0.329645
19301,642,7461,157,0.511414,0.328328
19401,653,7568,167,0.511475,0.333993
19501,646,7461,148,0.524476,0.338812
19601,653,7422,163,0.515344,0.33652
19701,647,7596,161,0.512583,0.331641
19801,622,7511,156,0.497944,0.309721
19901,650,7525,170,0.501898,0.326234
20001,676,7836,166,0.495724,0.335109
20101,649,7628,165,0.495791,0.321768
20201,635,7596,159,0.521239,0.330987
20301,618,7515,168,0.511103,0.315862
20401,633,7554,172,0.487704,0.308716
20501,639,7616,163,0.488455,0.312123
20601,642,7519,174,0.525158,0.337152
20701,654,7719,155,0.499198,0.326475
20801,645,7483,165,0.517278,0.333644
20901,645,7555,168,0.508215,0.327799
21001,621,7567,166,0.499873,0.310421
21101,640,7573,167,0.505478,0.323506
21201,625,7514,165,0.495303,0.309565
21301,641,7570,173,0.51177,0.328045
21401,630,7563,160,0.479271,0.301941
21501,645,7517,157,0.499319,0.322061
21601,645,7506,168,0.504864,0.325637
21701,618,7360,177,0.474383,0.293169
21801,634,7409,161,0.519141,0.329135
21901,637,7398,166,0.478683,0.304921
22001,628,7554,167,0.494176,0.310342
22101,629,7429,171,0.503469,0.316682
22201,641,7482,177,0.52472,0.336346
22301,619,7571,171,0.488444,0.302347
22401,627,7444,167,0.505688,0.317066
22501,588,7327,160,0.496095,0.291704
22601,604,7483,176,0.50413,0.304495
22701,620,7474,167,0.486406,0.301572
22801,609,7466,171,0.514606,0.313395
22901,638,7461,180,0.501091,0.319696
23001,643,7521,175,0.506639,0.325769
23101,590,7455,173,0.504701,0.297774
23201,611,7419,180,0.495997,0.303054
23301,625,7503,181,0.49072,0.3067
23401,612,7601,165,0.505348,0.309273
23501,641,7636,176,0.503178,0.322537
23601,583,7607,177,0.496682,0.289565
23701,629,7598,179,0.506697,0.318712
23801,624,7644,172,0.483995,0.302013
23901,576,7511,175,0.495023,0.285133
24001,608,7597,176,0.501718,0.305045
24101,621,7605,189,0.538303,0.334286
24201,592,7595,180,0.495943,0.293598
24301,577,7557,175,0.487086,0.281048
24401,602,7500,181,0.482446,0.290432
24501,584,7512,175,0.497674,0.290642
24601,596,7484,174,0.495115,0.295088
24701,620,7640,179,0.497041,0.308165
24801,578,7604,184,0.507464,0.293314
24901,595,7536,181,0.499722,0.297334
25001,578,7399,179,0.487828,0.281965
25101,605,7635,185,0.49816,0.301387
25201,585,7642,196,0.490689,0.287053
25301,576,7590,181,0.498024,0.286862
25401,626,7723,184,0.468622,0.293357
25501,570,7342,188,0.516225,0.294248
25601,603,7466,191,0.515826,0.311043
25701,585,7601,187,0.49503,0.289593
25801,561,7444,190,0.516606,0.289816
25901,571,7511,175,0.497123,0.283857
26001,595,7615,180,0.529673,0.315155
26101,581,7652,193,0.469547,0.272807
26201,592,7689,180,0.512167,0.303203
26301,606,7620,181,0.499235,0.302537
26401,609,7512,186,0.493069,0.300279
26501,564,7491,191,0.481307,0.271457
26601,578,7552,191,0.518382,0.299625
26701,593,7726,195,0.472082,0.279945
26801,576,7761,186,0.511665,0.294719
26901,597,7780,192,0.511728,0.305502
27001,606,7741,202,0.492932,0.298717
27101,558,7727,189,0.461874,0.257726
27201,543,7745,190,0.494271,0.268389
27301,603,7885,195,0.527714,0.318211
27401,617,7818,198,0.473799,0.292334
27501,576,7750,198,0.480975,0.277042
27601,576,7792,211,0.494134,0.284621
27701,573,7696,188,0.491385,0.281564
27801,561,7997,201,0.483051,0.270992
27901,563,7801,204,0.508389,0.286223
28001,558,7772,192,0.47706,0.2662
28101,584,7740,192,0.518853,0.30301
28201,590,7823,202,0.498318,0.294008
28301,560,7800,195,0.512355,0.286919
28401,543,7822,191,0.504131,0.273743
28501,578,7837,206,0.523489,0.302577
28601,566,7680,210,0.496562,0.281054
28701,561,7788,202,0.481061,0.269875
28801,572,7737,212,0.529365,0.302797
28901,572,7784,220,0.498853,0.285344
29001,584,7834,210,0.515978,0.301331
29101,569,7904,207,0.510887,0.290695
29201,570,7836,216,0.523908,0.298628
29301,561,7837,200,0.512664,0.287604
29401,582,7843,206,0.50565,0.294288
29501,551,7850,196,0.505009,0.27826
29601,552,7882,197,0.504887,0.278698
29701,562,7942,211,0.508466,0.285758
29801,593,7979,196,0.514738,0.30524
29901,544,7918,207,0.505852,0.275183
30001,557,7841,211,0.527589,0.293867
30101,518,7826,209,0.512798,0.265629
30201,552,7832,207,0.503377,0.277864
30301,563,7858,200,0.497295,0.279977
30401,575,7960,206,0.542625,0.312009
30501,540,8056,209,0.500742,0.270401
30601,560,7851,207,0.505027,0.282815
30701,571,7991,208,0.485147,0.277019
30801,533,7815,208,0.481766,0.256781
30901,537,7818,206,0.495266,0.265958
31001,529,7776,203,0.507722,0.268585
31101,540,7833,204,0.526663,0.284398
31201,543,7947,208,0.505186,0.274316
31301,556,7873,209,0.47978,0.266758
31401,514,7846,207,0.50453,0.259328
31501,513,7819,210,0.534524,0.274211
31601,529,7857,211,0.5173,0.273652
31701,530,7794,205,0.467043,0.247533
31801,520,7853,201,0.506503,0.263381
31901,512,7850,213,0.535655,0.274255
32001,511,7765,200,0.513621,0.26246
32101,515,7865,207,0.515974,0.265726
32201,516,7810,205,0.543341,0.280364
32301,508,7779,218,0.511073,0.259625
32401,531,7784,211,0.527169,0.279927
32501,542,7984,215,0.482315,0.261415
32601,490,7847,213,0.531921,0.260641
32701,527,7957,214,0.496467,0.261638
32801,510,7936,204,0.493044,0.251453
32901,544,7846,215,0.48461,0.263628
33001,528,7894,217,0.49028,0.258868
33101,545,7847,220,0.531813,0.289838
33201,519,7839,218,0.5142,0.26687
33301,529,7946,223,0.491325,0.259911
33401,513,7985,228,0.478635,0.24554
33501,500,7900,227,0.491389,0.245695
33601,524,7840,227,0.509855,0.267164
33701,507,7870,222,0.508823,0.257973
33801,527,7834,236,0.522805,0.275518
33901,509,7928,224,0.521106,0.265243
34001,557,8037,225,0.487732,0.271667
34101,502,7935,215,0.476188,0.239046
34201,535,7902,222,0.529179,0.283111
34301,529,8098,217,0.487772,0.258032
34401,506,8168,229,0.520814,0.263532
34501,511,8147,220,0.497515,0.25423
34601,491,8129,228,0.508725,0.249784
34701,520,8087,230,0.482373,0.250834
34801,485,8100,228,0.487766,0.236566
34901,500,8063,228,0.490814,0.245407
35001,547,8045,217,0.486671,0.266209
35101,496,7930,225,0.481971,0.239058
35201,487,7892,218,0.50903,0.247898
35301,472,7883,223,0.535307,0.252665
35401,498,8027,229,0.499848,0.248925
35501,528,8061,232,0.48796,0.257643
35601,504,8020,242,0.511558,0.257825
35701,493,8087,221,0.512509,0.252667
35801,478,8078,228,0.493228,0.235763
35901,471,7929,223,0.521229,0.245499
36001,467,7996,223,0.484276,0.226157
36101,509,8043,218,0.482726,0.245708
36201,509,8173,239,0.531827,0.2707
36301,498,7956,240,0.507744,0.252857
36401,464,7887,230,0.515848,0.239354
36501,500,8029,239,0.482379,0.241189
36601,487,7983,230,0.484732,0.236065
36701,496,7968,236,0.522081,0.258952
36801,454,8011,237,0.521781,0.236889
36901,469,7954,238,0.513927,0.241032
37001,478,7933,239,0.473097,0.22614
37101,498,7937,235,0.478689,0.238387
37201,487,8021,227,0.502359,0.244649
37301,485,8019,242,0.501319,0.24314
37401,453,8070,234,0.499157,0.226118
37501,461,8050,242,0.506204,0.23336
37601,458,8044,235,0.506326,0.231897
37701,484,8105,236,0.532084,0.257529
37801,463,8018,227,0.503082,0.232927
37901,473,8094,232,0.516848,0.244469
38001,474,8162,246,0.520532,0.246732
38101,473,8123,243,0.514113,0.243175
38201,486,8040,235,0.488684,0.237501
38301,469,8094,233,0.530385,0.248751
38401,460,8126,238,0.506679,0.233072
38501,493,8087,245,0.490464,0.241799
38601,467,8047,236,0.48559,0.226771
38701,499,8147,244,0.495312,0.247161
38801,468,8059,239,0.501748,0.234818
38901,459,8128,237,0.531405,0.243915
39001,455,8166,235,0.507598,0.230957
39101,447,8155,242,0.490907,0.219435
39201,441,8075,241,0.479355,0.211396
39301,445,8113,235,0.517012,0.23007
39401,401,8053,235,0.520242,0.208617
39501,471,8206,238,0.503845,0.237311
39601,448,8090,238,0.501397,0.224626
39701,440,8209,235,0.492143,0.216543
39801,455,8232,237,0.493817,0.224687
39901,443,8147,234,0.482414,0.213709
40001,422,8214,239,0.490112,0.206827
40101,424,8189,239,0.530581,0.224966
40201,461,8254,234,0.504627,0.232633
40301,450,8258,245,0.474792,0.213656
40401,446,8216,247,0.548458,0.244612
40501,424,8203,242,0.507755,0.215288
40601,458,8183,241,0.484499,0.2219
40701,441,8105,236,0.507374,0.223752
40801,449,8112,235,0.490058,0.220036
40901,446,8316,233,0.526518,0.234827
41001,434,8268,232,0.515281,0.223632
41101,420,8214,244,0.470391,0.197564
41201,435,8281,241,0.510555,0.222091
41301,450,8190,238,0.482349,0.217057
41401,459,8381,236,0.484323,0.222304
41501,445,8262,244,0.494194,0.219916
41601,449,8253,241,0.514371,0.230952
41701,426,8200,246,0.496395,0.211464
41801,423,8380,238,0.475448,0.201114
41901,444,8290,250,0.519001,0.230437
42001,444,8326,237,0.496909,0.220628
42101,444,8379,238,0.54551,0.242206
42201,443,8450,249,0.508865,0.225427
42301,403,8302,244,0.489569,0.197296
42401,454,8368,245,0.507339,0.230332
42501,431,8283,232,0.497433,0.214394
42601,430,8389,236,0.475343,0.204397
42701,403,8276,242,0.483414,0.194816
42801,413,8286,241,0.514107,0.212326
42901,437,8385,240,0.501731,0.219257
43001,446,8379,240,0.518737,0.231357
43101,403,8264,236,0.503353,0.202851
43201,415,8421,238,0.496426,0.206017
43301,384,8311,237,0.521385,0.200212
43401,426,8231,234,0.542899,0.231275
43501,424,8430,243,0.492943,0.209008
43601,416,8437,250,0.53033,0.220617
43701,414,8418,243,0.500922,0.207382
43801,391,8322,247,0.55718,0.217857
43901,401,8164,237,0.482979,0.193675
44001,393,8299,239,0.485262,0.190708
44101,395,8278,251,0.50538,0.199625
44201,410,8304,249,0.506384,0.207617
44301,404,8302,240,0.51946,0.209862
44401,388,8303,245,0.515155,0.19988
44501,418,8358,245,0.481842,0.20141
44601,381,8298,246,0.492644,0.187697
44701,417,8286,256,0.517939,0.21598
44801,381,8289,250,0.503963,0.19201
44901,403,8236,256,0.529908,0.213553
45001,371,8266,254,0.479737,0.177983
45101,392,8373,254,0.482549,0.189159
45201,417,8251,255,0.513974,0.214327
45301,396,8368,255,0.545786,0.216131
45401,389,8478,253,0.503053,0.195688
45501,385,8470,260,0.469078,0.180595
45601,376,8582,265,0.486193,0.182808
45701,415,8400,268,0.49667,0.206118
45801,395,8431,270,0.498245,0.196807
45901,390,8465,269,0.512993,0.200067
46001,400,8462,272,0.497036,0.198815
46101,397,8492,275,0.494031,0.19613
46201,402,8526,270,0.470453,0.189122
46301,378,8461,276,0.482095,0.182232
46401,381,8495,274,0.503797,0.191947
46501,369,8507,269,0.517463,0.190944
46601,361,8400,265,0.488344,0.176292
46701,361,8420,267,0.509638,0.183979
46801,365,8407,271,0.511825,0.186816
46901,355,8501,276,0.488227,0.17332
47001,400,8513,270,0.528829,0.211532
47101,382,8597,283,0.518597,0.198104
47201,374,8588,266,0.492964,0.184368
47301,378,8588,269,0.523215,0.197775
47401,374,8693,273,0.518405,0.193883
47501,349,8562,270,0.522454,0.182337
47601,376,8543,266,0.500452,0.18817
47701,370,8509,279,0.530284,0.196205
47801,374,8577,268,0.51422,0.192318
47901,379,8632,279,0.494197,0.187301
48001,368,8560,267,0.474624,0.174662
48101,377,8571,271,0.485209,0.182924
48201,368,8575,276,0.494225,0.181875
48301,373,8582,273,0.500205,0.186577
48401,380,8600,274,0.503286,0.191249
48501,363,8571,275,0.485654,0.176292
48601,344,8562,283,0.513446,0.176626
48701,342,8580,287,0.525113,0.179589
48801,374,8627,281,0.492698,0.184269
48901,338,8627,280,0.45763,0.154679
49001,352,8580,272,0.510411,0.179665
49101,343,8531,272,0.509886,0.174891
49201,352,8434,273,0.506881,0.178422
49301,335,8545,276,0.481714,0.161374
49401,323,8520,273,0.508728,0.164319
49501,324,8530,275,0.480596,0.155713
49601,331,8713,280,0.481528,0.159386
49701,335,8705,277,0.482279,0.161564
49801,337,8649,279,0.497103,0.167524
49901,352,8618,282,0.477506,0.168082
50001,332,8668,278,0.485417,0.161159
50101,341,8653,279,0.499464,0.170317
50201,339,8561,272,0.503089,0.170547
50301,353,8666,271,0.503393,0.177698
50401,349,8590,276,0.521756,0.182093
50501,350,8709,275,0.482826,0.168989
50601,353,8778,277,0.537269,0.189656
50701,356,8746,284,0.502853,0.179016
50801,350,8705,285,0.499747,0.174911
50901,313,8646,285,0.502896,0.157406
51001,328,8682,282,0.508173,0.166681
51101,339,8613,278,0.541066,0.183421
51201,334,8549,285,0.53585,0.178974
51301,322,8657,282,0.466095,0.150083
51401,349,8713,279,0.512188,0.178753
51501,337,8762,270,0.516067,0.173915
51601,324,8642,274,0.52726,0.170832
51701,330,8698,282,0.487485,0.16087
51801,313,8704,275,0.477333,0.149405
51901,322,8655,277,0.496446,0.159856
52001,319,8727,278,0.552565,0.176268
52101,310,8776,281,0.514553,0.159512
52201,314,8743,280,0.515069,0.161732
52301,297,8773,275,0.472424,0.14031
52401,315,8687,280,0.507335,0.15981
52501,333,8657,287,0.502621,0.167373
52601,327,8688,285,0.501816,0.164094
52701,310,8629,287,0.52973,0.164216
52801,302,8667,281,0.500961,0.15129
52901,306,8684,286,0.506099,0.154866
53001,307,8751,288,0.481104,0.147699
53101,305,8683,285,0.54775,0.167064
53201,322,8844,284,0.507065,0.163275
53301,309,8759,282,0.486679,0.150384
53401,279,8705,283,0.503996,0.140615
53501,297,8830,278,0.474639,0.140968
53601,305,8694,278,0.498619,0.152079
53701,311,8749,275,0.495685,0.154158
53801,292,8832,279,0.554517,0.161919
53901,288,8806,280,0.528648,0.152251
54001,290,8774,280,0.489511,0.141958
54101,301,8848,280,0.528767,0.159159
54201,280,8832,287,0.469196,0.131375
54301,293,8841,277,0.547691,0.160473
54401,281,8884,273,0.487991,0.137125
54501,268,8782,275,0.483919,0.12969
54601,269,8866,280,0.507713,0.136575
54701,280,8825,285,0.51908,0.145342
54801,290,8818,281,0.475297,0.137836
54901,263,8770,274,0.507213,0.133397
55001,288,8862,280,0.493638,0.142168
55101,288,8813,282,0.52542,0.151321
55201,291,8795,280,0.501558,0.145953
55301,287,8918,279,0.46729,0.134112
55401,273,8836,275,0.467455,0.127615
55501,285,8840,276,0.507524,0.144644
55601,287,8760,284,0.498634,0.143108
55701,281,8881,276,0.489593,0.137576
55801,287,8946,283,0.528342,0.151634
55901,273,8868,282,0.50979,0.139173
56001,255,8808,294,0.502748,0.128201
56101,244,8871,288,0.471967,0.11516
56201,264,8837,285,0.487588,0.128723
56301,242,8878,280,0.507033,0.122702
56401,274,8885,287,0.509281,0.139543
56501,262,8799,284,0.515467,0.135052
56601,244,8775,282,0.540352,0.131846
56701,253,8831,286,0.524177,0.132617
56801,245,8768,287,0.49436,0.121118
56901,253,8792,284,0.490611,0.124125
57001,262,8947,283,0.477494,0.125103
57101,251,8827,283,0.506202,0.127057
57201,249,8796,286,0.506698,0.126168
57301,253,8832,281,0.490552,0.12411
57401,257,8851,287,0.496883,0.127699
57501,226,8787,283,0.517965,0.11706
57601,254,8812,288,0.497395,0.126338
57701,252,8831,280,0.485238,0.12228
57801,220,8799,285,0.504966,0.111093
57901,237,8833,286,0.513736,0.121755
58001,238,8826,288,0.513104,0.122119
58101,230,8804,290,0.492164,0.113198
58201,246,8801,281,0.519563,0.127812
58301,208,8793,283,0.51031,0.106144
58401,224,8862,284,0.504817,0.113079
58501,219,8810,286,0.521253,0.114154
58601,232,8853,283,0.474688,0.110128
58701,224,8846,278,0.503617,0.11281
58801,205,8852,285,0.493003,0.101066
58901,223,8794,280,0.481721,0.107424
59001,212,8834,281,0.525548,0.111416
59101,213,8893,280,0.492529,0.104909
59201,225,8908,277,0.5151,0.115897
59301,216,8870,287,0.534774,0.115511
59401,211,8906,285,0.485381,0.102415
59501,229,8948,288,0.489489,0.112093
59601,188,8854,290,0.488023,0.0917484
59701,215,8897,287,0.494208,0.106255
59801,213,8936,287,0.518318,0.110402
59901,203,8835,284,0.45542,0.0924502
60001,220,8905,292,0.478768,0.105329
60101,195,8882,293,0.529067,0.103168
60201,197,8957,286,0.480863,0.09473
60301,201,8947,289,0.474449,0.0953643
60401,190,8941,288,0.458756,0.0871637
60501,197,8909,286,0.490743,0.0966764
60601,195,9025,285,0.541284,0.10555
60701,183,8935,283,0.532844,0.0975104
60801,213,8991,284,0.522741,0.111344
60901,207,8972,290,0.509795,0.105528
61001,188,8974,299,0.48161,0.0905427
61101,198,8983,291,0.458363,0.0907558
61201,188,8970,289,0.502039,0.0943834
61301,193,8966,286,0.507388,0.0979258
61401,205,9010,289,0.507283,0.103993
61501,197,9008,291,0.469835,0.0925574
61601,189,8979,295,0.535335,0.101178
61701,185,8931,281,0.47669,0.0881877
61801,181,8965,296,0.508805,0.0920937
61901,169,8944,288,0.51162,0.0864638
62001,188,8968,283,0.49252,0.0925938
62101,185,8951,282,0.4864,0.089984
62201,190,9050,291,0.504856,0.0959226
62301,185,9125,283,0.514383,0.0951609
62401,187,9103,288,0.494365,0.0924463
62501,177,9097,293,0.521428,0.0922927
62601,169,9032,284,0.525961,0.0888875
62701,162,9010,284,0.475106,0.0769672
62801,168,9033,280,0.471503,0.0792124
62901,171,9033,283,0.516099,0.0882528
63001,157,8964,290,0.55504,0.0871413
63101,166,9001,291,0.503711,0.083616
63201,161,9075,290,0.545077,0.0877574
63301,148,9034,290,0.510338,0.07553
63401,155,9011,294,0.501396,0.0777163
63501,171,9047,287,0.540493,0.0924243
63601,159,9072,289,0.481678,0.0765868
63701,157,9104,291,0.532456,0.0835956
63801,160,9089,293,0.479034,0.0766454
63901,153,9019,291,0.477764,0.0730978
64001,166,9092,289,0.505324,0.0838837
64101,145,9061,286,0.504341,0.0731295
64201,152,9082,290,0.508523,0.0772955
64301,156,9101,288,0.451656,0.0704584
64401,141,9066,289,0.547082,0.0771385
64501,137,9049,289,0.527201,0.0722265
64601,140,9093,288,0.509572,0.0713401
64701,144,9152,291,0.440711,0.0634624
64801,147,9118,294,0.48051,0.0706349
64901,129,9116,291,0.496037,0.0639887
65001,141,9105,289,0.488598,0.0688923
65101,146,9168,297,0.532537,0.0777505
65201,141,9147,292,0.489934,0.0690807
65301,139,9094,291,0.465235,0.0646677
65401,140,9079,294,0.517977,0.0725167
65501,133,9092,289,0.503097,0.0669119
65601,122,9098,294,0.542156,0.066143
65701,116,9092,289,0.528055,0.0612544
65801,123,9159,289,0.540892,0.0665298
65901,113,9155,288,0.510246,0.0576578
66001,116,9160,289,0.482912,0.0560178
66101,118,9101,293,0.493032,0.0581778
66201,116,9157,289,0.45704,0.0530166
66301,106,9169,292,0.468263,0.0496358
66401,117,9134,296,0.487579,0.0570468
66501,100,9084,295,0.489188,0.0489188
66601,123,9174,297,0.4556,0.0560387
66701,111,9198,292,0.516768,0.0573612
66801,105,9189,295,0.429687,0.0451171
66901,102,9167,297,0.491318,0.0501144
67001,94,9184,297,0.519191,0.0488039
67101,108,9187,297,0.446605,0.0482333
67201,93,9181,297,0.552876,0.0514174
67301,102,9196,302,0.530676,0.0541289
67401,90,9223,297,0.457961,0.0412165
67501,101,9201,296,0.45127,0.0455783
67601,101,9285,298,0.493115,0.0498046
67701,91,9218,295,0.51437,0.0468076
67801,110,9199,300,0.477227,0.0524949
67901,92,9222,297,0.475925,0.0437851
68001,90,9222,300,0.45376,0.0408384
68101,85,9257,295,0.479215,0.0407332
68201,91,9225,296,0.48706,0.0443225
68301,81,9239,298,0.530965,0.0430082
68401,78,9250,295,0.453576,0.0353789
68501,92,9300,298,0.426152,0.039206
68601,79,9274,297,0.503197,0.0397526
68701,88,9280,297,0.568035,0.0499871
68801,79,9302,298,0.461108,0.0364275
68901,81,9314,298,0.47842,0.038752
69001,80,9333,303,0.44562,0.0356496
69101,70,9342,301,0.517508,0.0362255
69201,68,9291,305,0.504594,0.0343124
69301,73,9297,302,0.531206,0.0387781
69401,76,9317,305,0.509933,0.0387549
69501,75,9378,301,0.542283,0.0406712
69601,74,9336,304,0.505766,0.0374267
69701,58,9322,302,0.503803,0.0292206
69801,63,9339,302,0.484304,0.0305111
69901,70,9334,303,0.528339,0.0369837
70001,67,9340,300,0.555248,0.0372016
70101,54,9334,299,0.472154,0.0254963
70201,59,9388,298,0.490878,0.0289618
70301,57,9396,298,0.580968,0.0331152
70401,53,9417,298,0.492044,0.0260783
70501,49,9396,300,0.485335,0.0237814
70601,50,9414,299,0.532055,0.0266028
70701,53,9423,300,0.529497,0.0280633
70801,40,9449,299,0.505134,0.0202053
70901,47,9446,303,0.552509,0.0259679
71001,40,9482,302,0.477327,0.0190931
71101,39,9444,302,0.439085,0.0171243
71201,38,9514,303,0.631033,0.0239793
71301,38,9505,301,0.514206,0.0195398
71401,34,9496,299,0.43258,0.0147077
71501,46,9554,302,0.419415,0.0192931
71601,29,9495,300,0.499701,0.0144913
71701,29,9499,300,0.645696,0.0187252
71801,36,9544,305,0.667893,0.0240442
71901,34,9547,303,0.479392,0.0162993
72001,38,9579,303,0.46114,0.0175233
72101,35,9559,302,0.622257,0.021779
72201,33,9601,301,0.458447,0.0151287
72301,24,9614,302,0.471856,0.0113245
72401,19,9617,303,0.522134,0.00992054
72501,25,9650,301,0.506008,0.0126502
72601,27,9677,302,0.415343,0.0112143
72701,29,9680,302,0.556642,0.0161426
72801,21,9666,302,0.445326,0.00935184
72901,22,9698,303,0.535198,0.0117744
73001,21,9685,303,0.54696,0.0114862
73101,23,9721,303,0.589118,0.0135497
73201,23,9730,305,0.533097,0.0122612
73301,19,9739,303,0.864382,0.0164233
73401,12,9743,304,0.481626,0.00577951
73501,15,9742,303,0.898959,0.0134844
73601,11,9770,304,0.404323,0.00444756
73701,13,9802,303,0.59774,0.00777062
73801,8,9819,304,0.429858,0.00343886
73901,6,9819,303,0.47758,0.00286548
74001,13,9857,305,0.419769,0.005457
74101,8,9866,305,1.02901,0.00823206
74201,9,9869,306,0.564045,0.00507641
74301,9,9891,306,0.503146,0.00452831
74401,8,9921,306,0.591786,0.00473428
74501,6,9940,306,0.439377,0.00263626
74601,5,9965,307,0.782249,0.00391125
74701,4,9976,306,0.439177,0.00175671
74801,2,10009,307,0.333584,0.000667167
