cycle,Population_size,Deleterious_muts,Beneficial_muts,Mean_fitness,Intrinsic_fitness
1,1000,0,0,1.0,1.0
101,789,2730,42,0.483594,0.381556
201,730,2949,39,0.49823,0.363708
301,714,3000,51,0.489367,0.349408
401,717,3010,58,0.516966,0.370664
501,734,3187,52,0.492691,0.361635
601,731,3179,49,0.497651,0.363783
701,699,3124,51,0.501292,0.350403
801,710,3145,45,0.515899,0.366288
901,697,3052,35,0.526899,0.367249
1001,690,3089,43,0.511305,0.3528
1101,702,3154,51,0.535711,0.376069
1201,672,3043,54,0.517692,0.347889
1301,702,3064,38,0.524648,0.368303
1401,670,3165,43,0.518436,0.347352
1501,667,3104,56,0.512064,0.341546
1601,665,3143,57,0.503917,0.335105
1701,677,3257,49,0.52945,0.358438
1801,663,3228,52,0.509449,0.337765
1901,699,3241,59,0.52255,0.365262
2001,661,3333,53,0.497537,0.328872
2101,675,3269,54,0.507993,0.342895
2201,656,3301,47,0.512971,0.336509
2301,690,3250,57,0.474918,0.327694
2401,669,3404,56,0.508755,0.340357
2501,682,3416,61,0.503763,0.343567
2601,682,3355,64,0.48116,0.328151
2701,652,3197,62,0.501909,0.327245
2801,663,3321,55,0.517306,0.342974
2901,661,3355,68,0.490255,0.324059
3001,660,3415,75,0.547691,0.361476
3101,686,3334,64,0.519668,0.356492
3201,647,3361,68,0.516177,0.333966
3301,639,3374,68,0.524512,0.335163
3401,700,3342,76,0.512162,0.358514
3501,678,3381,73,0.527358,0.357549
3601,694,3329,81,0.487711,0.338471
3701,703,3402,67,0.526519,0.370143
3801,686,3429,70,0.521703,0.357888
3901,670,3335,71,0.533517,0.357457
4001,708,3327,85,0.512149,0.362602
4101,699,3431,81,0.501094,0.350265
4201,676,3429,75,0.514354,0.347704
4301,689,3417,66,0.517741,0.356724
4401,697,3463,65,0.489222,0.340988
4501,694,3356,72,0.512757,0.355853
4601,675,3342,65,0.484934,0.32733
4701,675,3336,67,0.525712,0.354855
4801,673,3401,70,0.503536,0.33888
4901,652,3343,65,0.497263,0.324216
5001,672,3336,79,0.523456,0.351763
5101,678,3344,72,0.513208,0.347955
5201,691,3394,79,0.535383,0.36995
5301,684,3326,73,0.513465,0.35121
5401,680,3353,79,0.5228,0.355504
5501,715,3506,69,0.482951,0.34531
5601,682,3397,63,0.539416,0.367882
5701,674,3449,76,0.499303,0.33653
5801,673,3502,76,0.493361,0.332032
5901,679,3492,66,0.516928,0.350994
6001,626,3508,70,0.505442,0.316407
6101,667,3431,64,0.513906,0.342775
6201,670,3529,84,0.520791,0.34893
6301,701,3538,80,0.50636,0.354958
6401,661,3558,82,0.481837,0.318494
6501,664,3573,72,0.484372,0.321623
6601,674,3642,75,0.507499,0.342054
6701,642,3432,85,0.535633,0.343876
6801,661,3462,93,0.532177,0.351769
6901,664,3459,92,0.497222,0.330155
7001,652,3568,73,0.501675,0.327092
7101,665,3421,90,0.540739,0.359592
7201,677,3481,86,0.515479,0.348979
7301,685,3386,89,0.504246,0.345409
7401,669,3442,83,0.521263,0.348725
7501,670,3506,86,0.516736,0.346213
7601,674,3428,89,0.536315,0.361476
7701,685,3567,82,0.521042,0.356913
7801,641,3513,81,0.514882,0.330039
7901,646,3440,92,0.520781,0.336425
8001,650,3471,90,0.539558,0.350713
8101,647,3446,89,0.524094,0.339089
8201,697,3580,106,0.537306,0.374503
8301,650,3611,82,0.530866,0.345063
8401,625,3523,98,0.515349,0.322093
8501,670,3463,88,0.514248,0.344546
8601,652,3573,85,0.504364,0.328845
8701,622,3486,90,0.526719,0.327619
8801,664,3559,94,0.507274,0.33683
8901,663,3531,93,0.512358,0.339693
9001,629,3442,93,0.520037,0.327104
9101,661,3451,102,0.520645,0.344147
9201,658,3588,101,0.48551,0.319466
9301,688,3486,97,0.515625,0.35475
9401,645,3545,101,0.507036,0.327038
9501,689,3672,101,0.506819,0.349198
9601,667,3553,107,0.498023,0.332181
9701,683,3553,108,0.518442,0.354096
9801,653,3477,97,0.50458,0.329491
9901,684,3564,91,0.523308,0.357943
10001,680,3553,103,0.513485,0.34917
10101,685,3520,98,0.508342,0.348214
10201,641,3521,93,0.482854,0.309509
10301,673,3538,108,0.507197,0.341344
10401,651,3529,104,0.519115,0.337944
10501,664,3542,103,0.513617,0.341042
10601,681,3567,87,0.49943,0.340112
10701,675,3531,94,0.500281,0.33769
10801,658,3494,97,0.535574,0.352408
10901,666,3524,107,0.50497,0.33631
11001,680,3560,110,0.546306,0.371488
11101,651,3695,99,0.519495,0.338191
11201,627,3648,96,0.515776,0.323391
11301,641,3560,90,0.520896,0.333894
11401,688,3653,96,0.503364,0.346314
11501,628,3580,97,0.531146,0.33356
11601,660,3666,115,0.482841,0.318675
11701,697,3553,109,0.522902,0.364463
11801,682,3694,103,0.497333,0.339181
11901,651,3583,104,0.509195,0.331486
12001,646,3698,106,0.512442,0.331037
12101,695,3644,105,0.502597,0.349305
12201,639,3638,107,0.498735,0.318691
12301,637,3594,111,0.526144,0.335154
12401,645,3646,109,0.517079,0.333516
12501,683,3710,104,0.525061,0.358617
12601,646,3656,112,0.48984,0.316437
12701,656,3589,99,0.496486,0.325695
12801,698,3768,104,0.506336,0.353423
12901,657,3736,113,0.515055,0.338391
13001,678,3639,100,0.524568,0.355657
13101,689,3763,102,0.491492,0.338638
13201,701,3744,122,0.502729,0.352413
13301,677,3654,107,0.54302,0.367625
13401,655,3757,108,0.506773,0.331937
13501,671,3889,125,0.529139,0.355052
13601,643,3658,117,0.516543,0.332137
13701,670,3747,123,0.503291,0.337205
13801,662,3736,120,0.506818,0.335514
13901,648,3745,114,0.49497,0.320741
14001,651,3734,127,0.508647,0.331129
14101,637,3652,132,0.516609,0.32908
14201,628,3610,124,0.528342,0.331799
14301,633,3709,139,0.523358,0.331286
14401,654,3757,124,0.504405,0.329881
14501,650,3664,117,0.508668,0.330634
14601,669,3711,136,0.507114,0.339259
14701,614,3697,123,0.496664,0.304952
14801,644,3720,125,0.504991,0.325214
14901,650,3628,130,0.516734,0.335877
15001,681,3822,124,0.521153,0.354906
15101,675,3725,129,0.529115,0.357152
15201,672,3752,129,0.508467,0.34169
15301,693,3729,126,0.518311,0.35919
15401,687,3733,126,0.522023,0.35863
15501,649,3808,122,0.512675,0.332726
15601,664,3790,128,0.520435,0.345569
15701,651,3766,129,0.506562,0.329772
15801,647,3717,136,0.528829,0.342153
15901,639,3747,137,0.532414,0.340212
16001,661,3703,142,0.493541,0.326231
16101,694,3844,124,0.514434,0.357017
16201,654,3855,124,0.495977,0.324369
16301,624,3781,127,0.505271,0.315289
16401,641,3696,133,0.512321,0.328398
16501,605,3772,120,0.497414,0.300935
16601,644,3757,135,0.543445,0.349979
16701,635,3689,138,0.497382,0.315838
16801,621,3740,126,0.506526,0.314553
16901,634,3822,138,0.506324,0.321009
17001,658,3868,129,0.518126,0.340927
17101,643,3752,141,0.516871,0.332348
17201,676,3938,131,0.499157,0.33743
17301,651,3873,137,0.499549,0.325207
17401,659,3922,140,0.480218,0.316464
17501,641,3822,133,0.50079,0.321006
17601,634,3870,126,0.532553,0.337639
17701,639,3866,140,0.487313,0.311393
17801,642,3880,147,0.508995,0.326775
17901,646,3839,142,0.511223,0.33025
18001,650,3903,136,0.498855,0.324256
18101,643,3828,145,0.520203,0.334491
18201,632,3874,148,0.499223,0.315509
18301,659,3916,145,0.502678,0.331265
18401,663,3988,139,0.50782,0.336685
18501,626,3766,139,0.550596,0.344673
18601,592,3839,141,0.497968,0.294797
18701,645,3876,142,0.488942,0.315368
18801,671,3940,144,0.506362,0.339769
18901,660,3896,146,0.505654,0.333732
19001,609,3893,134,0.52162,0.317666
19101,657,3895,141,0.524694,0.344724
19201,630,3851,152,0.531836,0.335057
19301,646,3887,144,0.516732,0.333809
19401,619,3873,147,0.527294,0.326395
19501,627,3833,148,0.547429,0.343238
19601,636,3952,151,0.494418,0.31445
19701,633,3921,164,0.512268,0.324265
19801,610,3821,147,0.503792,0.307313
19901,662,3912,142,0.510112,0.337694
20001,650,3937,157,0.508287,0.330386
20101,646,3989,158,0.494667,0.319555
20201,680,3973,153,0.491828,0.334443
20301,629,3878,150,0.520128,0.32716
20401,628,3847,153,0.519467,0.326225
20501,664,3961,151,0.519141,0.34471
20601,637,3978,162,0.529927,0.337564
20701,639,3932,145,0.503884,0.321982
20801,634,3977,146,0.488039,0.309417
20901,615,3904,158,0.502987,0.309337
21001,664,4010,158,0.51865,0.344383
21101,671,3942,150,0.51943,0.348538
21201,668,3947,147,0.527591,0.352431
21301,661,4036,151,0.505054,0.333841
21401,629,4009,141,0.529302,0.332931
21501,643,3926,145,0.505404,0.324975
21601,642,3971,164,0.526701,0.338142
21701,621,4128,161,0.525146,0.326116
21801,635,4006,160,0.483618,0.307097
21901,650,4095,153,0.540811,0.351527
22001,640,4060,140,0.492419,0.315148
22101,633,4055,155,0.504899,0.319601
22201,623,4014,161,0.52116,0.324683
22301,645,3990,147,0.494223,0.318774
22401,634,3980,158,0.517991,0.328406
22501,613,3854,166,0.524557,0.321554
22601,619,3953,165,0.530319,0.328267
22701,622,3863,168,0.499136,0.310463
22801,622,3852,167,0.5152,0.320455
22901,628,4006,165,0.505846,0.317672
23001,593,3940,169,0.504705,0.29929
23101,657,4069,173,0.53445,0.351134
23201,618,4094,164,0.510625,0.315566
23301,585,3977,168,0.492146,0.287906
23401,619,4119,170,0.512971,0.317529
23501,628,3974,158,0.51161,0.321291
23601,644,3898,169,0.532471,0.342911
23701,637,4033,166,0.533693,0.339962
23801,639,3925,164,0.520859,0.332829
23901,646,4082,171,0.497059,0.3211
24001,637,4060,179,0.521064,0.331918
24101,594,4000,176,0.503299,0.29896
24201,641,4007,168,0.532745,0.341489
24301,635,3973,162,0.520656,0.330616
24401,577,3942,180,0.504787,0.291262
24501,636,4091,164,0.497121,0.316169
24601,674,4113,175,0.501631,0.338099
24701,629,4054,171,0.4941,0.310789
24801,592,4089,190,0.506642,0.299932
24901,644,4099,185,0.509713,0.328255
25001,584,4048,178,0.503451,0.294015
25101,646,4142,178,0.527555,0.3408
25201,620,3996,182,0.517718,0.320985
25301,636,4103,186,0.517614,0.329203
25401,620,4129,188,0.502949,0.311828
25501,626,4164,181,0.521831,0.326666
25601,626,4050,182,0.531784,0.332897
25701,662,4070,186,0.505122,0.334391
25801,667,4240,188,0.513125,0.342254
25901,661,4122,194,0.507085,0.335183
26001,656,4103,201,0.529726,0.3475
26101,631,4131,199,0.523723,0.330469
26201,638,4223,201,0.529556,0.337856
26301,658,4227,197,0.523507,0.344468
26401,653,4147,195,0.513119,0.335066
26501,629,4233,218,0.508957,0.320134
26601,672,4219,210,0.540427,0.363167
26701,663,4285,200,0.509186,0.33759
26801,643,4207,201,0.516509,0.332115
26901,643,4138,195,0.516887,0.332358
27001,692,4165,205,0.524819,0.363174
27101,671,4192,207,0.518021,0.347592
27201,654,4147,206,0.497586,0.325421
27301,668,4178,194,0.522027,0.348714
27401,666,4151,199,0.530762,0.353488
27501,650,4158,198,0.528492,0.34352
27601,626,4171,203,0.525661,0.329064
27701,609,4113,207,0.510915,0.311147
27801,625,4170,217,0.500166,0.312603
27901,635,4171,205,0.482659,0.306488
28001,607,4232,198,0.523081,0.31751
28101,630,4174,212,0.498577,0.314103
28201,642,4166,214,0.505926,0.324804
28301,639,4230,209,0.495599,0.316688
28401,623,4226,209,0.515769,0.321324
28501,653,4253,205,0.514911,0.336237
28601,650,4208,215,0.531745,0.345635
28701,631,4180,199,0.535455,0.337872
28801,637,4194,206,0.534997,0.340793
28901,641,4210,210,0.500691,0.320943
29001,616,4323,222,0.489425,0.301486
29101,650,4268,208,0.528958,0.343822
29201,627,4277,209,0.523212,0.328054
29301,644,4146,211,0.545746,0.351461
29401,646,4218,210,0.506695,0.327325
29501,661,4332,211,0.503621,0.332894
29601,615,4225,210,0.490239,0.301497
29701,629,4331,223,0.501592,0.315501
29801,642,4326,227,0.487891,0.313226
29901,662,4222,213,0.5329,0.35278
30001,660,4209,214,0.50527,0.333478
30101,645,4258,214,0.491898,0.317274
30201,652,4170,208,0.514778,0.335635
30301,642,4368,209,0.534318,0.343032
30401,658,4288,221,0.499994,0.328996
30501,637,4385,224,0.501577,0.319504
30601,651,4316,229,0.506373,0.329649
30701,621,4418,221,0.53924,0.334868
30801,631,4322,221,0.506964,0.319894
30901,649,4327,227,0.538498,0.349485
31001,667,4373,238,0.504694,0.336631
31101,660,4283,235,0.496424,0.32764
31201,649,4412,230,0.522911,0.339369
31301,638,4359,240,0.506251,0.322988
31401,661,4311,230,0.531202,0.351124
31501,654,4348,226,0.500869,0.327568
31601,649,4347,218,0.505079,0.327796
31701,649,4402,228,0.517114,0.335607
31801,624,4312,226,0.517019,0.32262
31901,615,4284,240,0.522764,0.3215
32001,676,4386,235,0.513069,0.346834
32101,626,4299,229,0.508465,0.318299
32201,614,4378,233,0.516385,0.31706
32301,635,4346,230,0.497741,0.316066
32401,629,4427,225,0.473839,0.298045
32501,642,4436,227,0.526627,0.338094
32601,631,4487,237,0.521736,0.329215
32701,649,4440,241,0.535415,0.347484
32801,639,4503,245,0.50036,0.31973
32901,622,4494,237,0.505839,0.314632
33001,653,4364,246,0.476932,0.311437
33101,650,4358,246,0.494813,0.321628
33201,658,4424,240,0.479608,0.315582
33301,630,4418,235,0.521133,0.328314
33401,689,4494,244,0.505107,0.348019
33501,660,4458,246,0.517448,0.341516
33601,640,4384,243,0.490025,0.313616
33701,629,4364,241,0.501932,0.315715
33801,625,4304,247,0.501612,0.313507
33901,627,4245,246,0.501183,0.314242
34001,615,4416,256,0.501496,0.30842
34101,616,4424,244,0.51059,0.314523
34201,626,4536,252,0.502235,0.314399
34301,637,4443,252,0.507997,0.323594
34401,622,4314,252,0.509046,0.316626
34501,620,4372,249,0.516374,0.320152
34601,646,4503,249,0.50019,0.323123
34701,593,4365,253,0.48801,0.28939
34801,636,4405,252,0.529737,0.336912
34901,626,4518,246,0.520941,0.326109
35001,635,4522,240,0.492026,0.312436
35101,627,4372,246,0.50527,0.316804
35201,592,4393,243,0.495856,0.293547
35301,615,4450,241,0.524534,0.322589
35401,626,4509,253,0.508762,0.318485
35501,621,4508,242,0.521981,0.32415
35601,608,4466,252,0.503835,0.306332
35701,633,4478,248,0.51475,0.325837
35801,658,4533,236,0.528381,0.347675
35901,627,4605,241,0.514757,0.322752
36001,618,4353,247,0.504017,0.311483
36101,620,4468,254,0.508957,0.315553
36201,619,4453,253,0.513285,0.317724
36301,612,4431,245,0.523117,0.320148
36401,612,4485,249,0.519292,0.317807
36501,607,4407,243,0.498728,0.302728
36601,570,4439,253,0.496971,0.283273
36701,586,4413,250,0.52406,0.307099
36801,631,4523,247,0.493831,0.311607
36901,582,4389,246,0.515097,0.299786
37001,593,4390,249,0.494674,0.293342
37101,655,4421,255,0.502511,0.329144
37201,608,4429,249,0.508618,0.30924
37301,592,4454,246,0.501745,0.297033
37401,578,4421,250,0.514782,0.297544
37501,599,4442,241,0.54307,0.325299
37601,624,4525,242,0.497951,0.310721
37701,621,4465,238,0.504473,0.313278
37801,624,4535,248,0.525949,0.328192
37901,605,4419,241,0.523293,0.316592
38001,574,4484,239,0.515451,0.295869
38101,646,4492,248,0.532071,0.343718
38201,620,4488,243,0.521632,0.323412
38301,605,4508,245,0.511303,0.309338
38401,623,4564,245,0.513088,0.319654
38501,618,4504,262,0.481478,0.297553
38601,611,4586,266,0.499905,0.305442
38701,577,4472,258,0.504277,0.290968
38801,621,4476,257,0.511189,0.317448
38901,634,4531,248,0.478266,0.303221
39001,637,4563,252,0.523457,0.333442
39101,626,4596,269,0.521365,0.326374
39201,587,4606,283,0.520744,0.305677
39301,603,4548,264,0.498088,0.300347
39401,629,4491,273,0.507827,0.319423
39501,598,4500,264,0.517818,0.309655
39601,613,4499,263,0.515306,0.315882
39701,620,4606,268,0.509193,0.3157
39801,591,4550,262,0.499551,0.295235
39901,635,4617,259,0.502002,0.318771
40001,641,4555,255,0.521448,0.334248
40101,566,4551,257,0.5398,0.305527
40201,595,4609,266,0.503837,0.299783
40301,622,4621,263,0.515648,0.320733
40401,624,4597,264,0.526722,0.328675
40501,614,4542,257,0.508661,0.312318
40601,654,4590,274,0.537757,0.351693
40701,629,4653,263,0.528813,0.332623
40801,594,4572,269,0.515437,0.30617
40901,629,4585,273,0.494743,0.311193
41001,606,4612,285,0.528269,0.320131
41101,598,4555,276,0.526029,0.314565
41201,593,4518,282,0.499792,0.296377
41301,625,4662,278,0.498123,0.311327
41401,649,4646,279,0.493862,0.320517
41501,590,4538,272,0.523802,0.309043
41601,629,4664,276,0.518712,0.32627
41701,605,4644,276,0.50064,0.302887
41801,610,4595,273,0.495319,0.302145
41901,590,4492,275,0.533654,0.314856
42001,608,4539,268,0.500198,0.30412
42101,607,4656,272,0.501904,0.304656
42201,587,4519,268,0.523223,0.307132
42301,609,4676,283,0.516694,0.314667
42401,606,4578,277,0.541988,0.328444
42501,608,4586,274,0.506079,0.307696
42601,609,4662,283,0.505408,0.307794
42701,605,4643,280,0.5095,0.308248
42801,610,4694,292,0.493833,0.301238
42901,635,4682,292,0.517438,0.328573
43001,574,4713,292,0.513017,0.294472
43101,599,4677,280,0.508946,0.304859
43201,605,4717,267,0.517532,0.313107
43301,590,4594,271,0.502009,0.296185
43401,579,4579,279,0.521601,0.302007
43501,605,4680,282,0.515106,0.311639
43601,595,4630,282,0.517614,0.30798
43701,588,4664,286,0.493765,0.290334
43801,617,4700,289,0.519779,0.320703
43901,578,4653,292,0.522889,0.30223
44001,575,4648,280,0.487499,0.280312
44101,606,4632,281,0.525305,0.318335
44201,588,4700,284,0.510362,0.300093
44301,582,4599,285,0.520951,0.303194
44401,590,4641,275,0.536565,0.316573
44501,596,4660,280,0.50499,0.300974
44601,561,4603,277,0.50262,0.28197
44701,578,4591,278,0.507411,0.293284
44801,570,4613,273,0.509192,0.290239
44901,597,4636,288,0.515565,0.307792
45001,572,4650,270,0.509553,0.291464
45101,601,4649,275,0.521765,0.313581
45201,598,4463,278,0.5185,0.310063
45301,583,4634,284,0.502063,0.292703
45401,598,4636,285,0.516472,0.30885
45501,574,4606,283,0.512614,0.29424
45601,595,4585,291,0.531588,0.316295
45701,585,4623,297,0.530293,0.310221
45801,614,4738,307,0.485004,0.297793
45901,572,4625,301,0.518695,0.296693
46001,595,4727,299,0.513379,0.30546
46101,548,4656,298,0.524484,0.287417
46201,560,4566,285,0.513342,0.287471
46301,557,4638,282,0.498305,0.277556
46401,569,4622,287,0.542621,0.308751
46501,593,4645,292,0.49069,0.290979
46601,611,4628,288,0.513799,0.313931
46701,571,4654,291,0.532127,0.303844
46801,559,4590,283,0.531954,0.297362
46901,589,4724,289,0.525209,0.309348
47001,561,4649,293,0.54505,0.305773
47101,565,4675,278,0.488255,0.275864
47201,575,4637,285,0.507398,0.291754
47301,566,4677,291,0.494169,0.2797
47401,563,4583,281,0.548094,0.308577
47501,557,4704,291,0.509263,0.28366
47601,558,4640,292,0.512931,0.286215
47701,578,4699,292,0.51241,0.296173
47801,573,4681,289,0.509548,0.291971
47901,533,4652,298,0.511548,0.272655
48001,613,4763,289,0.543419,0.333116
48101,547,4575,299,0.487951,0.266909
48201,560,4626,293,0.518503,0.290362
48301,575,4632,295,0.501021,0.288087
48401,577,4622,294,0.517685,0.298704
48501,542,4716,295,0.538544,0.291891
48601,571,4797,296,0.515707,0.294469
48701,560,4723,286,0.519334,0.290827
48801,542,4673,291,0.518478,0.281015
48901,535,4803,290,0.490968,0.262668
49001,559,4745,288,0.50042,0.279735
49101,557,4681,300,0.503848,0.280644
49201,571,4692,291,0.523675,0.299018
49301,548,4712,297,0.52624,0.288379
49401,538,4809,303,0.493678,0.265599
49501,542,4618,284,0.498748,0.270321
49601,561,4676,291,0.481449,0.270093
49701,561,4659,303,0.531893,0.298392
49801,539,4709,294,0.500066,0.269536
49901,557,4702,296,0.521034,0.290216
