cycle,Population_size,Deleterious_muts,Beneficial_muts,Mean_fitness,Intrinsic_fitness
1,1000,0,0,1.0,1.0
101,727,2640,32,0.518395,0.376874
201,722,2883,44,0.511788,0.369511
301,734,3046,50,0.528788,0.38813
401,717,3164,52,0.509293,0.365163
501,701,3114,50,0.507096,0.355474
601,703,3117,52,0.535762,0.376641
701,682,3115,54,0.534883,0.36479
801,703,3188,63,0.496676,0.349164
901,722,3111,61,0.530038,0.382687
1001,712,3189,71,0.502487,0.357771
1101,715,3262,72,0.513598,0.367223
1201,671,3369,70,0.517647,0.347341
1301,663,3247,65,0.487379,0.323132
1401,740,3303,61,0.538285,0.398331
1501,640,3229,65,0.506949,0.324447
1601,689,3282,86,0.503345,0.346804
1701,710,3355,75,0.51353,0.364606
1801,744,3402,86,0.524225,0.390023
1901,673,3366,73,0.508913,0.342498
2001,665,3289,76,0.504194,0.335289
2101,655,3336,69,0.477077,0.312485
2201,676,3371,74,0.509594,0.344486
2301,692,3412,74,0.521269,0.360718
2401,699,3358,80,0.496811,0.347271
2501,693,3380,69,0.499593,0.346218
2601,722,3507,76,0.503779,0.363729
2701,675,3365,79,0.524127,0.353786
2801,689,3290,79,0.498888,0.343734
2901,682,3360,83,0.520593,0.355044
3001,689,3413,85,0.501313,0.345405
3101,666,3421,83,0.514176,0.342441
3201,685,3481,83,0.522543,0.357942
3301,680,3343,93,0.536021,0.364494
3401,701,3357,79,0.513795,0.36017
3501,656,3472,71,0.480867,0.315449
3601,667,3417,86,0.498738,0.332658
3701,663,3356,75,0.505865,0.335389
3801,660,3390,80,0.490757,0.323899
3901,667,3468,80,0.515868,0.344084
4001,663,3446,86,0.498244,0.330336
4101,644,3466,90,0.517052,0.332982
4201,692,3499,92,0.511245,0.353781
4301,678,3381,84,0.520619,0.35298
4401,676,3450,83,0.524398,0.354493
4501,692,3484,78,0.503536,0.348447
4601,677,3535,104,0.533843,0.361412
4701,705,3483,105,0.518931,0.365846
4801,714,3479,87,0.531949,0.379812
4901,676,3521,92,0.509653,0.344526
5001,682,3483,105,0.503048,0.343079
5101,717,3657,99,0.509986,0.36566
5201,667,3484,87,0.53957,0.359893
5301,630,3477,96,0.510756,0.321776
5401,654,3419,102,0.522705,0.341849
5501,622,3454,93,0.527015,0.327803
5601,659,3544,91,0.509873,0.336006
5701,704,3536,93,0.535872,0.377254
5801,685,3512,101,0.516366,0.353711
5901,683,3562,98,0.507273,0.346468
6001,670,3500,105,0.50641,0.339295
6101,662,3488,106,0.517326,0.34247
6201,680,3584,105,0.515092,0.350262
6301,675,3527,98,0.500576,0.337889
6401,637,3468,109,0.492929,0.313996
6501,690,3599,101,0.527215,0.363778
6601,727,3614,101,0.52229,0.379704
6701,705,3613,113,0.497137,0.350481
6801,711,3627,108,0.496877,0.353279
6901,685,3593,115,0.49186,0.336924
7001,685,3676,113,0.544259,0.372817
7101,674,3622,114,0.504543,0.340062
7201,652,3566,119,0.511526,0.333515
7301,693,3678,112,0.52531,0.36404
7401,648,3578,110,0.526844,0.341395
7501,669,3550,96,0.530569,0.354951
7601,709,3616,114,0.521716,0.369897
7701,670,3589,105,0.488531,0.327316
7801,638,3525,99,0.51491,0.328512
7901,695,3589,111,0.539777,0.375145
8001,677,3633,114,0.499427,0.338112
8101,664,3552,119,0.50484,0.335214
8201,700,3563,119,0.523883,0.366718
8301,709,3626,130,0.522783,0.370653
8401,716,3717,105,0.517283,0.370375
8501,671,3756,120,0.507516,0.340543
8601,674,3756,103,0.504164,0.339806
8701,683,3687,114,0.508919,0.347592
8801,664,3772,127,0.491556,0.326393
8901,700,3772,108,0.52724,0.369068
9001,666,3714,116,0.523274,0.348501
9101,694,3717,117,0.540178,0.374883
9201,694,3628,120,0.499768,0.346839
9301,688,3721,118,0.521854,0.359036
9401,665,3807,105,0.498041,0.331197
9501,690,3788,108,0.51945,0.358421
9601,684,3773,118,0.487526,0.333468
9701,685,3688,115,0.515786,0.353314
9801,689,3740,129,0.520789,0.358823
9901,661,3756,131,0.515061,0.340455
10001,666,3836,127,0.534731,0.356131
10101,673,3808,110,0.551248,0.37099
10201,693,3905,117,0.489662,0.339336
10301,691,3818,122,0.504159,0.348374
10401,684,3780,113,0.529906,0.362456
10501,692,3812,123,0.506613,0.350576
10601,675,3727,134,0.515692,0.348092
10701,685,3758,117,0.531389,0.364002
10801,680,3801,124,0.523228,0.355795
10901,670,3858,126,0.51225,0.343208
11001,681,3781,119,0.518796,0.3533
11101,690,3711,114,0.520187,0.358929
11201,710,3721,126,0.523942,0.371999
11301,658,3822,120,0.491243,0.323238
11401,687,3781,120,0.507729,0.34881
11501,700,3863,119,0.524559,0.367191
11601,700,3736,117,0.537122,0.375986
11701,703,3782,115,0.503311,0.353828
11801,676,3823,126,0.489124,0.330648
11901,701,3683,120,0.5223,0.366133
12001,715,3870,133,0.494646,0.353672
12101,667,3736,133,0.502235,0.334991
12201,674,3762,135,0.494944,0.333592
12301,680,3812,135,0.501723,0.341172
12401,711,3887,130,0.535674,0.380865
12501,646,3737,142,0.541155,0.349586
12601,689,3773,137,0.492536,0.339357
12701,682,3925,126,0.516925,0.352543
12801,662,3685,130,0.513765,0.340112
12901,675,3774,135,0.512421,0.345884
13001,657,3729,146,0.497082,0.326583
13101,702,3863,144,0.49926,0.350481
13201,666,3677,151,0.489969,0.326319
13301,677,3686,142,0.503844,0.341102
13401,670,3782,145,0.4857,0.325419
13501,685,3845,153,0.526042,0.360338
13601,703,3820,145,0.510226,0.358689
13701,699,3921,149,0.512441,0.358196
13801,707,3873,140,0.49272,0.348353
13901,699,3800,152,0.520693,0.363964
14001,688,3813,137,0.501959,0.345348
14101,652,3719,143,0.511885,0.333749
14201,646,3779,141,0.495048,0.319801
14301,671,3775,141,0.524346,0.351836
14401,662,3841,142,0.512264,0.339119
14501,628,3743,146,0.506482,0.318071
14601,659,3810,137,0.521829,0.343885
14701,660,3947,130,0.513932,0.339195
14801,656,3933,134,0.535869,0.35153
14901,679,3900,128,0.532297,0.36143
15001,662,4011,137,0.49875,0.330173
15101,675,3947,145,0.523663,0.353472
15201,662,3944,135,0.501608,0.332065
15301,667,3898,146,0.52142,0.347787
15401,670,3848,141,0.536244,0.359284
15501,671,3882,148,0.530626,0.35605
15601,630,3855,147,0.524236,0.330269
15701,673,3960,145,0.496126,0.333893
15801,674,3870,150,0.523306,0.352708
15901,656,4028,146,0.508965,0.333881
16001,654,3882,139,0.50651,0.331258
16101,700,4005,150,0.509742,0.356819
16201,670,3849,146,0.492103,0.329709
16301,670,3967,150,0.514223,0.34453
16401,678,4056,154,0.49349,0.334586
16501,671,3847,159,0.543929,0.364976
16601,666,3937,149,0.48925,0.325841
16701,641,4026,140,0.515217,0.330254
16801,667,3785,143,0.529624,0.353259
16901,655,3992,141,0.481005,0.315058
17001,686,3986,151,0.521543,0.357778
17101,671,3902,152,0.503645,0.337946
17201,659,3905,153,0.477556,0.314709
17301,694,3990,142,0.5086,0.352968
17401,680,4024,143,0.516814,0.351434
17501,684,3865,147,0.531086,0.363263
17601,675,3916,165,0.519372,0.350576
17701,661,3985,154,0.525139,0.347117
17801,666,3877,147,0.523737,0.348809
17901,699,4011,150,0.544122,0.380341
18001,668,3923,153,0.507045,0.338706
18101,671,3967,156,0.538084,0.361054
18201,675,3989,165,0.513511,0.34662
18301,662,3994,158,0.508424,0.336577
18401,692,4008,164,0.517135,0.357857
18501,661,3991,154,0.508451,0.336086
18601,699,3962,159,0.52027,0.363669
18701,657,3928,156,0.553354,0.363553
18801,651,3975,151,0.507643,0.330476
18901,670,3938,149,0.516566,0.346099
19001,676,4024,155,0.500289,0.338195
19101,649,4000,162,0.50927,0.330516
19201,649,3945,169,0.506482,0.328707
19301,669,3957,151,0.511847,0.342426
19401,657,4044,156,0.5233,0.343808
19501,644,3960,152,0.499947,0.321966
19601,657,4010,165,0.518647,0.340751
19701,662,4044,155,0.525077,0.347601
19801,665,4060,169,0.512793,0.341007
19901,640,4059,157,0.53793,0.344275
20001,661,4116,167,0.511715,0.338244
20101,665,3963,161,0.502513,0.334171
20201,651,3985,162,0.521796,0.339689
20301,634,3965,156,0.513296,0.325429
20401,632,3917,159,0.51546,0.325771
20501,669,4003,165,0.486304,0.325337
20601,631,3924,153,0.506393,0.319534
20701,670,3963,156,0.516145,0.345817
20801,669,4102,157,0.502037,0.335863
20901,665,4046,157,0.5072,0.337288
21001,666,4024,163,0.517818,0.344867
21101,659,4102,160,0.516136,0.340133
21201,687,4095,154,0.520486,0.357574
21301,663,4112,170,0.498149,0.330273
21401,676,4158,174,0.524894,0.354828
21501,673,4316,179,0.502482,0.338171
21601,692,4178,176,0.501219,0.346844
21701,664,4003,180,0.515707,0.342429
21801,634,4119,173,0.50419,0.319657
21901,664,4214,190,0.513033,0.340654
22001,644,4043,175,0.526036,0.338767
22101,663,4184,188,0.525631,0.348494
22201,653,4167,183,0.511381,0.333932
22301,693,4159,177,0.518498,0.359319
22401,664,4254,168,0.479066,0.3181
22501,680,4181,176,0.512212,0.348304
22601,699,4229,182,0.500163,0.349614
22701,653,4074,181,0.514682,0.336088
22801,673,4183,177,0.525151,0.353427
22901,707,4244,177,0.510202,0.360713
23001,679,4322,181,0.500831,0.340064
23101,676,4277,177,0.522874,0.353463
23201,665,4201,164,0.527808,0.350992
23301,668,4254,177,0.528899,0.353304
23401,661,4276,174,0.501777,0.331674
23501,671,4230,173,0.49008,0.328844
23601,678,4229,189,0.499065,0.338366
23701,687,4210,188,0.523599,0.359713
23801,658,4110,183,0.513727,0.338032
23901,666,4114,194,0.524137,0.349075
24001,648,4057,195,0.516974,0.334999
24101,622,4250,183,0.479777,0.298422
24201,691,4257,179,0.505167,0.34907
24301,616,4188,182,0.50741,0.312564
24401,639,4098,184,0.514677,0.328878
24501,672,4169,184,0.548409,0.368531
24601,679,4231,177,0.487742,0.331177
24701,661,4125,201,0.503297,0.332679
24801,688,4170,196,0.526234,0.362049
24901,646,4152,192,0.536642,0.346671
25001,664,4358,193,0.522125,0.346691
25101,657,4263,200,0.528216,0.347038
25201,669,4158,182,0.540468,0.361573
25301,656,4262,183,0.520081,0.341173
25401,639,4301,185,0.49679,0.317449
25501,643,4226,192,0.508048,0.326675
25601,659,4245,191,0.511077,0.3368
25701,652,4191,191,0.5063,0.330108
25801,659,4255,191,0.520309,0.342884
25901,656,4236,178,0.533845,0.350202
26001,684,4263,190,0.512199,0.350344
26101,685,4196,190,0.523794,0.358799
26201,680,4295,182,0.515412,0.35048
26301,677,4259,196,0.496725,0.336283
26401,672,4242,189,0.533228,0.358329
26501,668,4206,191,0.513194,0.342813
26601,681,4311,183,0.4818,0.328106
26701,631,4273,183,0.509263,0.321345
26801,666,4273,186,0.53027,0.35316
26901,659,4238,192,0.501413,0.330431
27001,644,4240,195,0.512497,0.330048
27101,633,4121,189,0.527815,0.334107
27201,665,4240,194,0.50603,0.33651
27301,621,4217,193,0.516592,0.320804
27401,633,4301,204,0.499871,0.316418
27501,626,4193,191,0.510804,0.319763
27601,619,4298,184,0.513992,0.318161
27701,620,4308,185,0.503245,0.312012
27801,627,4338,194,0.529223,0.331823
27901,601,4191,191,0.546406,0.32839
28001,643,4335,195,0.530461,0.341087
28101,626,4288,198,0.512493,0.320821
28201,651,4220,204,0.527568,0.343447
28301,667,4281,199,0.496889,0.331425
28401,633,4246,199,0.506639,0.320703
28501,630,4301,211,0.524901,0.330688
28601,621,4332,191,0.499041,0.309905
28701,641,4270,195,0.503971,0.323045
28801,604,4250,210,0.486265,0.293704
28901,636,4261,194,0.507855,0.322996
29001,626,4253,201,0.508409,0.318264
29101,650,4252,201,0.515596,0.335137
29201,650,4398,204,0.495664,0.322181
29301,668,4331,205,0.519276,0.346876
29401,694,4468,221,0.489487,0.339704
29501,654,4332,213,0.513221,0.335647
29601,624,4344,205,0.535363,0.334066
29701,612,4396,216,0.510329,0.312321
29801,647,4292,219,0.506632,0.327791
29901,631,4198,209,0.549067,0.346461
30001,675,4453,212,0.516356,0.34854
30101,633,4301,206,0.507418,0.321196
30201,640,4386,217,0.47582,0.304525
30301,635,4429,209,0.489596,0.310894
30401,613,4354,208,0.504859,0.309479
30501,642,4448,202,0.534108,0.342897
30601,636,4372,201,0.51447,0.327203
30701,647,4444,205,0.522688,0.338179
30801,660,4484,219,0.506498,0.334289
30901,652,4442,226,0.507037,0.330588
31001,661,4381,218,0.533435,0.352601
31101,613,4449,223,0.502795,0.308213
31201,667,4429,225,0.512666,0.341948
31301,633,4504,230,0.512996,0.324726
31401,635,4524,222,0.50025,0.317659
31501,594,4427,232,0.511799,0.304008
31601,610,4346,231,0.549328,0.33509
31701,636,4353,228,0.520256,0.330883
31801,634,4424,208,0.492903,0.3125
31901,620,4366,231,0.507322,0.31454
32001,637,4383,220,0.521353,0.332102
32101,656,4442,222,0.507331,0.332809
32201,633,4388,223,0.516928,0.327216
32301,626,4383,219,0.546319,0.341996
32401,648,4580,240,0.512393,0.33203
32501,609,4454,225,0.501651,0.305505
32601,636,4532,232,0.519158,0.330185
32701,625,4502,236,0.516495,0.32281
32801,628,4482,221,0.492486,0.309281
32901,642,4587,226,0.530051,0.340293
33001,630,4526,228,0.506896,0.319344
33101,635,4446,226,0.513558,0.326109
33201,647,4584,229,0.508946,0.329288
33301,609,4529,231,0.522073,0.317942
33401,657,4675,221,0.499407,0.328111
33501,689,4622,231,0.50144,0.345492
33601,672,4619,234,0.513667,0.345184
33701,623,4404,239,0.524385,0.326692
33801,641,4559,242,0.497357,0.318806
33901,644,4512,240,0.526906,0.339328
34001,648,4526,234,0.490923,0.318118
34101,632,4596,238,0.490728,0.31014
34201,673,4539,232,0.51947,0.349603
34301,660,4654,250,0.517332,0.341439
34401,645,4605,243,0.506727,0.326839
34501,671,4574,240,0.524598,0.352005
34601,657,4660,247,0.499548,0.328203
34701,636,4616,238,0.540505,0.343761
34801,660,4612,238,0.489401,0.323005
34901,588,4507,242,0.507751,0.298558
35001,617,4604,234,0.519757,0.32069
35101,665,4480,242,0.496685,0.330295
35201,632,4509,260,0.519177,0.32812
35301,673,4502,257,0.516712,0.347747
35401,660,4643,242,0.523664,0.345618
35501,620,4569,254,0.520987,0.323012
35601,670,4644,262,0.520812,0.348944
35701,661,4713,263,0.538427,0.3559
35801,627,4613,251,0.511651,0.320805
35901,649,4633,252,0.517734,0.336009
36001,688,4556,247,0.505759,0.347962
36101,630,4646,257,0.543134,0.342174
36201,636,4583,261,0.514438,0.327182
36301,637,4532,259,0.518936,0.330562
36401,653,4639,248,0.509237,0.332532
36501,668,4670,253,0.502686,0.335794
36601,663,4613,248,0.50012,0.331579
36701,652,4724,253,0.509135,0.331956
36801,670,4635,255,0.51946,0.348038
36901,661,4646,254,0.496174,0.327971
37001,688,4669,258,0.515412,0.354603
37101,650,4698,271,0.527035,0.342573
37201,617,4606,256,0.509129,0.314133
37301,627,4711,260,0.512206,0.321153
37401,682,4790,258,0.494789,0.337446
37501,682,4722,254,0.512393,0.349452
37601,676,4727,251,0.517563,0.349872
37701,654,4726,249,0.496432,0.324666
37801,649,4562,255,0.528947,0.343287
37901,646,4638,251,0.522682,0.337652
38001,639,4647,254,0.54079,0.345565
38101,667,4737,254,0.532636,0.355268
38201,621,4603,253,0.496483,0.308316
38301,634,4673,257,0.494142,0.313286
38401,644,4648,262,0.501472,0.322948
38501,655,4651,267,0.494733,0.32405
38601,638,4663,264,0.517773,0.330339
38701,614,4657,259,0.520029,0.319298
38801,628,4559,256,0.509014,0.319661
38901,627,4643,274,0.503365,0.31561
39001,657,4576,267,0.48816,0.320721
39101,634,4680,273,0.513961,0.325851
39201,638,4642,282,0.511664,0.326441
39301,605,4613,278,0.492366,0.297882
39401,656,4743,281,0.513205,0.336662
39501,633,4662,273,0.520274,0.329334
39601,651,4655,279,0.534427,0.347912
39701,635,4764,274,0.528781,0.335776
39801,685,4714,266,0.518527,0.355191
39901,643,4792,276,0.508145,0.326737
40001,643,4793,285,0.495004,0.318287
40101,651,4724,266,0.513282,0.334146
40201,649,4750,270,0.513732,0.333412
40301,636,4774,261,0.510858,0.324906
40401,633,4644,271,0.511142,0.323553
40501,624,4863,279,0.511145,0.318954
40601,629,4623,260,0.507606,0.319284
40701,619,4707,273,0.516379,0.319638
40801,652,4714,274,0.529888,0.345487
40901,624,4711,279,0.490898,0.306321
41001,628,4847,276,0.478495,0.300495
41101,646,4771,280,0.523773,0.338357
41201,616,4657,265,0.497846,0.306673
41301,628,4765,271,0.504907,0.317082
41401,683,4779,281,0.506772,0.346125
41501,641,4677,273,0.500299,0.320692
41601,623,4795,278,0.510365,0.317957
41701,602,4741,286,0.508601,0.306178
41801,672,4914,278,0.493852,0.331869
41901,673,4823,278,0.505445,0.340165
42001,637,4860,274,0.507289,0.323143
42101,639,5007,280,0.498138,0.31831
42201,653,4928,263,0.512355,0.334568
42301,648,4938,269,0.519876,0.33688
42401,627,4783,285,0.534893,0.335378
42501,620,4707,286,0.522846,0.324164
42601,612,4808,278,0.519836,0.31814
42701,623,4830,277,0.506262,0.315401
42801,610,4791,285,0.524567,0.319986
42901,630,4763,291,0.511177,0.322042
43001,714,4861,279,0.512386,0.365844
43101,629,4850,286,0.523012,0.328974
43201,639,4894,286,0.498249,0.318381
43301,647,4804,287,0.531965,0.344181
43401,617,4800,282,0.543115,0.335102
43501,654,4932,282,0.531845,0.347827
43601,663,4830,276,0.531341,0.352279
43701,667,4878,279,0.498437,0.332458
43801,609,4766,279,0.519019,0.316082
43901,619,4783,270,0.504705,0.312412
44001,622,4783,288,0.511819,0.318352
44101,676,4948,285,0.501678,0.339134
44201,649,4879,285,0.530481,0.344282
44301,602,4908,287,0.514855,0.309943
44401,626,4967,277,0.496602,0.310873
44501,656,4868,285,0.52176,0.342274
44601,650,4973,296,0.498767,0.324198
44701,637,4942,284,0.515265,0.328224
44801,613,4923,275,0.500507,0.306811
44901,626,4883,283,0.554367,0.347034
45001,659,4915,283,0.520853,0.343242
45101,624,4854,295,0.540631,0.337354
45201,612,4982,280,0.498087,0.304829
45301,628,4943,291,0.516737,0.324511
45401,629,4824,285,0.518673,0.326245
45501,605,4807,292,0.504058,0.304955
45601,610,4911,287,0.515203,0.314274
45701,643,4913,290,0.494812,0.318164
45801,651,5033,294,0.51671,0.336378
45901,624,4948,300,0.516576,0.322343
46001,638,4963,286,0.50872,0.324564
46101,643,5006,293,0.536363,0.344881
46201,627,4882,287,0.510675,0.320193
46301,628,4783,294,0.529676,0.332636
46401,671,5059,293,0.511232,0.343036
46501,634,4889,287,0.521445,0.330596
46601,642,4999,285,0.487262,0.312822
46701,645,5119,287,0.519615,0.335152
46801,649,5078,294,0.531774,0.345121
46901,642,5082,288,0.501763,0.322132
47001,643,5011,289,0.499775,0.321355
47101,642,4969,296,0.510073,0.327467
47201,635,5010,302,0.499928,0.317454
47301,623,4984,306,0.535283,0.333481
47401,670,5064,299,0.504971,0.338331
47501,630,4963,302,0.516456,0.325367
47601,640,5012,306,0.504813,0.323081
47701,656,4979,303,0.537367,0.352513
47801,640,5102,314,0.503409,0.322182
47901,616,4990,311,0.529283,0.326039
48001,636,4994,324,0.512221,0.325773
48101,630,5093,308,0.488313,0.307637
48201,638,4913,315,0.501586,0.320012
48301,622,5092,309,0.492072,0.306069
48401,684,5069,306,0.526645,0.360225
48501,653,5140,309,0.518792,0.338771
48601,658,5034,315,0.498345,0.327911
48701,628,5087,314,0.518891,0.325864
48801,656,5052,303,0.515696,0.338297
48901,669,5051,310,0.498071,0.33321
49001,643,5026,313,0.50497,0.324696
49101,638,5061,311,0.513546,0.327643
49201,601,5053,313,0.501667,0.301502
49301,623,5071,309,0.495175,0.308494
49401,685,5061,311,0.485258,0.332402
49501,637,5000,304,0.512131,0.326228
49601,625,5050,302,0.512571,0.320357
49701,615,5040,309,0.503736,0.309797
49801,601,5109,305,0.502243,0.301848
49901,632,5051,325,0.519773,0.328496
50001,655,5090,312,0.522984,0.342555
50101,664,5182,305,0.530131,0.352007
50201,613,5048,312,0.497921,0.305225
50301,582,5143,311,0.504733,0.293754
50401,583,5065,307,0.493259,0.28757
50501,630,5111,309,0.519119,0.327045
50601,618,5150,314,0.510698,0.315612
50701,607,5108,312,0.533834,0.324037
50801,634,5118,311,0.514189,0.325996
50901,645,5090,313,0.497446,0.320853
51001,642,5236,327,0.502853,0.322832
51101,637,5150,311,0.499677,0.318294
51201,654,5133,323,0.507912,0.332174
51301,626,5202,328,0.498611,0.31213
51401,642,5053,325,0.530192,0.340383
51501,648,5072,322,0.517128,0.335099
51601,667,5130,326,0.515971,0.344153
51701,639,5067,329,0.507849,0.324515
51801,624,5151,328,0.516284,0.322161
51901,609,5188,322,0.497321,0.302868
52001,656,5211,330,0.525157,0.344503
52101,633,5268,323,0.506459,0.320589
52201,644,5217,332,0.522681,0.336606
52301,604,5192,323,0.511029,0.308662
52401,615,5152,333,0.528088,0.324774
52501,676,5362,333,0.509842,0.344653
52601,658,5145,335,0.551164,0.362666
52701,644,5223,325,0.493992,0.318131
52801,677,5150,324,0.543109,0.367684
52901,626,5127,337,0.498394,0.311995
53001,650,5185,333,0.521264,0.338822
53101,637,5132,337,0.517341,0.329546
53201,622,5176,329,0.508801,0.316474
53301,644,5251,345,0.483166,0.311159
53401,669,5291,337,0.524467,0.350868
53501,666,5235,352,0.511256,0.340496
53601,638,5188,338,0.516032,0.329228
53701,624,5200,331,0.514024,0.320751
53801,622,5147,345,0.513441,0.31936
53901,666,5177,352,0.524768,0.349496
54001,647,5183,327,0.534671,0.345932
54101,656,5241,323,0.500108,0.328071
54201,643,5220,324,0.513589,0.330237
54301,648,5275,333,0.510763,0.330974
54401,669,5349,344,0.488309,0.326679
54501,623,5407,335,0.497672,0.310049
54601,630,5287,334,0.495243,0.312003
54701,605,5372,331,0.514943,0.31154
54801,677,5395,334,0.528986,0.358124
54901,606,5246,347,0.513192,0.310995
55001,645,5355,344,0.515425,0.332449
55101,661,5247,341,0.509995,0.337107
55201,662,5336,345,0.506257,0.335142
55301,625,5263,349,0.531429,0.332143
55401,662,5378,350,0.507228,0.335785
55501,636,5372,354,0.49923,0.31751
55601,687,5402,344,0.482102,0.331204
55701,619,5229,348,0.526661,0.326003
55801,645,5262,343,0.505803,0.326243
55901,668,5260,341,0.497471,0.332311
56001,633,5296,349,0.494777,0.313194
56101,635,5263,343,0.50965,0.323628
56201,625,5202,342,0.508701,0.317938
56301,661,5279,342,0.507867,0.3357
56401,674,5292,334,0.551296,0.371573
56501,653,5416,351,0.506624,0.330826
56601,658,5307,346,0.50129,0.329849
56701,633,5352,344,0.524086,0.331746
56801,639,5474,357,0.513232,0.327955
56901,613,5401,350,0.522314,0.320178
57001,653,5361,340,0.518284,0.33844
57101,670,5553,349,0.509522,0.341379
57201,642,5464,354,0.511282,0.328243
57301,626,5374,352,0.513965,0.321742
57401,653,5447,345,0.504034,0.329134
57501,608,5285,342,0.543531,0.330467
57601,616,5336,342,0.521988,0.321545
57701,615,5392,343,0.49799,0.306264
57801,636,5446,337,0.523557,0.332982
57901,635,5406,356,0.500173,0.31761
58001,642,5402,353,0.516794,0.331782
58101,612,5275,358,0.509231,0.311649
58201,628,5325,354,0.533559,0.335075
58301,639,5348,361,0.486508,0.310879
58401,609,5353,350,0.51166,0.311601
58501,634,5452,356,0.504437,0.319813
58601,625,5451,366,0.51055,0.319094
58701,654,5396,355,0.498803,0.326217
58801,650,5470,348,0.523439,0.340235
58901,627,5376,358,0.553947,0.347325
59001,626,5300,363,0.520261,0.325684
59101,639,5405,360,0.501786,0.320641
59201,641,5464,362,0.511069,0.327596
59301,629,5433,362,0.500918,0.315078
59401,637,5491,375,0.508223,0.323738
59501,619,5534,363,0.51793,0.320599
59601,630,5500,357,0.524321,0.330322
59701,599,5500,354,0.507195,0.30381
59801,597,5334,364,0.558163,0.333223
59901,622,5420,360,0.512434,0.318734
60001,628,5441,362,0.495186,0.310977
60101,660,5518,366,0.506322,0.334173
60201,636,5493,361,0.495357,0.315047
60301,615,5455,366,0.505394,0.310817
60401,643,5548,371,0.523032,0.33631
60501,669,5552,370,0.520696,0.348346
60601,638,5467,375,0.531306,0.338973
60701,627,5478,379,0.473474,0.296868
60801,663,5501,370,0.518526,0.343783
60901,642,5533,370,0.511071,0.328108
61001,638,5402,379,0.505944,0.322792
61101,627,5512,374,0.52659,0.330172
61201,593,5394,374,0.529448,0.313963
61301,600,5382,375,0.50145,0.30087
61401,652,5426,385,0.519127,0.338471
61501,591,5472,377,0.511918,0.302544
61601,649,5569,376,0.531419,0.344891
61701,639,5614,383,0.521978,0.333544
61801,646,5522,384,0.498455,0.322002
61901,606,5483,376,0.538,0.326028
62001,640,5511,373,0.515754,0.330082
62101,659,5583,382,0.528198,0.348082
62201,613,5442,376,0.523058,0.320635
62301,630,5465,378,0.50193,0.316216
62401,679,5619,371,0.522665,0.354889
62501,632,5638,370,0.500881,0.316557
62601,626,5569,374,0.517693,0.324076
62701,619,5590,374,0.553717,0.342751
62801,606,5547,375,0.502385,0.304445
62901,632,5604,389,0.498968,0.315348
63001,626,5680,376,0.501061,0.313664
63101,613,5601,380,0.522741,0.32044
63201,604,5485,373,0.53668,0.324155
63301,621,5473,372,0.493532,0.306483
63401,635,5577,368,0.500491,0.317812
63501,614,5526,380,0.526552,0.323303
63601,605,5584,388,0.499722,0.302332
63701,609,5611,386,0.516543,0.314575
63801,610,5541,387,0.511521,0.312028
63901,620,5564,388,0.520204,0.322527
64001,610,5446,381,0.501237,0.305754
64101,601,5439,371,0.535282,0.321704
64201,618,5562,389,0.523942,0.323796
64301,606,5604,394,0.474948,0.287819
64401,589,5517,391,0.488309,0.287614
64501,594,5453,390,0.536905,0.318922
64601,574,5558,385,0.489697,0.281086
64701,591,5602,395,0.526968,0.311438
64801,598,5495,390,0.503508,0.301098
64901,595,5577,380,0.532036,0.316561
65001,615,5571,390,0.524265,0.322423
65101,634,5538,382,0.502693,0.318707
65201,634,5678,396,0.491695,0.311735
65301,654,5606,393,0.516148,0.337561
65401,621,5578,390,0.51107,0.317374
65501,613,5524,388,0.501817,0.307614
65601,629,5597,405,0.519542,0.326792
65701,617,5609,399,0.526905,0.3251
65801,649,5716,413,0.497786,0.323063
65901,611,5586,412,0.526367,0.32161
66001,632,5597,397,0.53273,0.336685
66101,631,5678,399,0.5088,0.321053
66201,624,5669,411,0.511936,0.319448
66301,626,5679,414,0.518927,0.324848
66401,657,5589,413,0.513883,0.337621
66501,630,5615,407,0.514175,0.32393
66601,593,5518,407,0.505657,0.299854
66701,630,5680,403,0.528754,0.333115
66801,630,5633,411,0.51163,0.322327
66901,588,5587,407,0.509425,0.299542
67001,624,5584,413,0.531639,0.331743
67101,613,5561,396,0.523271,0.320765
67201,587,5686,409,0.522694,0.306821
67301,620,5685,401,0.489212,0.303312
67401,603,5650,406,0.509941,0.307494
67501,578,5674,398,0.508488,0.293906
67601,609,5758,406,0.548054,0.333765
67701,624,5684,411,0.526727,0.328678
67801,596,5794,399,0.493259,0.293982
67901,593,5716,412,0.506406,0.300299
68001,592,5662,404,0.528226,0.31271
68101,612,5636,405,0.504885,0.30899
68201,619,5606,408,0.50714,0.31392
68301,576,5720,427,0.494828,0.285021
68401,585,5714,413,0.516127,0.301934
68501,583,5634,409,0.505065,0.294453
68601,599,5567,411,0.516441,0.309348
68701,598,5728,411,0.499407,0.298645
68801,573,5675,410,0.522663,0.299486
68901,616,5723,407,0.522291,0.321731
69001,620,5745,419,0.50397,0.312461
69101,584,5679,419,0.501033,0.292603
69201,614,5790,410,0.520748,0.319739
69301,643,5757,417,0.5115,0.328895
69401,600,5728,415,0.494519,0.296711
69501,611,5663,422,0.509095,0.311057
69601,595,5789,416,0.530098,0.315408
69701,602,5731,413,0.550057,0.331134
69801,592,5657,418,0.522256,0.309175
69901,602,5688,416,0.505309,0.304196
70001,622,5782,423,0.484355,0.301269
70101,592,5756,415,0.515309,0.305063
70201,605,5693,409,0.518359,0.313607
70301,631,5757,411,0.504805,0.318532
70401,621,5797,426,0.499287,0.310057
70501,597,5766,416,0.506726,0.302516
70601,579,5682,417,0.512292,0.296617
70701,578,5617,422,0.522539,0.302028
70801,576,5582,426,0.484452,0.279044
70901,623,5706,415,0.537994,0.33517
71001,600,5646,426,0.513036,0.307822
71101,601,5666,420,0.526182,0.316235
71201,621,5735,417,0.495426,0.30766
71301,607,5734,428,0.516511,0.313522
71401,597,5735,419,0.519958,0.310415
71501,629,5786,423,0.50982,0.320677
71601,575,5725,427,0.505913,0.2909
71701,578,5736,419,0.508447,0.293882
71801,599,5783,421,0.507732,0.304132
71901,583,5665,423,0.505135,0.294494
72001,611,5735,423,0.507216,0.309909
72101,578,5866,417,0.527236,0.304742
72201,586,5709,420,0.489522,0.28686
72301,595,5729,421,0.521035,0.310016
72401,624,5865,424,0.492429,0.307275
72501,588,5727,422,0.519696,0.305581
72601,572,5595,412,0.512739,0.293287
72701,614,5868,425,0.519326,0.318866
72801,594,5801,420,0.513893,0.305253
72901,582,5889,424,0.502834,0.29265
73001,582,5796,428,0.511735,0.29783
73101,576,5836,425,0.519642,0.299314
73201,575,5806,423,0.538318,0.309533
73301,538,5698,418,0.519952,0.279734
73401,594,5727,423,0.507725,0.301589
73501,553,5754,421,0.510062,0.282064
73601,579,5773,441,0.537448,0.311182
73701,592,5918,425,0.520317,0.308028
73801,564,5783,431,0.518373,0.292363
73901,577,5780,428,0.505919,0.291915
74001,590,5924,434,0.494594,0.29181
74101,575,5884,432,0.507355,0.291729
74201,590,5822,432,0.522472,0.308258
74301,576,5819,431,0.515827,0.297116
74401,587,5889,424,0.490561,0.287959
74501,599,5847,425,0.50959,0.305244
74601,619,5766,427,0.511453,0.31659
74701,578,5821,430,0.53828,0.311126
74801,544,5809,426,0.528327,0.28741
74901,596,5813,427,0.530193,0.315995
75001,588,5860,428,0.524619,0.308476
75101,584,5900,430,0.514594,0.300523
75201,618,5935,433,0.495639,0.306305
75301,542,5872,440,0.563154,0.30523
75401,592,5815,436,0.528954,0.313141
75501,586,5885,428,0.519076,0.304178
75601,564,5780,438,0.502372,0.283338
75701,560,5743,446,0.520335,0.291388
75801,577,5894,442,0.523226,0.301901
75901,596,5918,446,0.512856,0.305662
76001,569,5857,429,0.507306,0.288657
76101,548,5929,439,0.516483,0.283032
76201,558,5925,437,0.518869,0.289529
76301,560,5954,438,0.558328,0.312664
76401,540,5883,450,0.497468,0.268633
76501,581,5846,448,0.514163,0.298729
76601,594,5936,448,0.509125,0.30242
76701,594,5926,448,0.522585,0.310416
76801,562,6002,448,0.480293,0.269925
76901,600,5922,455,0.499222,0.299533
77001,591,5956,451,0.514242,0.303917
77101,572,5964,445,0.497116,0.28435
77201,555,5979,459,0.501873,0.27854
77301,634,6047,458,0.504633,0.319937
77401,602,5965,460,0.523127,0.314923
77501,586,6056,453,0.524355,0.307272
77601,593,5963,464,0.514469,0.30508
77701,578,5949,453,0.535578,0.309564
77801,623,6125,454,0.493723,0.30759
77901,654,6088,453,0.492664,0.322202
78001,543,5928,466,0.509475,0.276645
78101,581,5997,462,0.504026,0.292839
78201,579,6086,458,0.513644,0.2974
78301,607,6053,464,0.527772,0.320358
78401,585,6023,468,0.519377,0.303835
78501,543,6011,452,0.52275,0.283853
78601,595,6087,468,0.497328,0.29591
78701,577,5955,461,0.510133,0.294347
78801,583,6015,466,0.528159,0.307917
78901,567,6084,461,0.496186,0.281337
79001,586,6069,461,0.52696,0.308798
79101,566,5937,449,0.521477,0.295156
79201,559,6070,463,0.492629,0.27538
79301,559,5958,463,0.516991,0.288998
79401,570,6017,457,0.50864,0.289925
79501,586,6030,462,0.521257,0.305456
79601,620,5999,471,0.528682,0.327783
79701,581,6107,470,0.527315,0.30637
79801,573,6154,469,0.494244,0.283202
79901,576,6093,477,0.492497,0.283678
80001,551,5948,483,0.50789,0.279847
80101,578,5944,478,0.514791,0.297549
80201,587,5964,471,0.517675,0.303875
80301,553,5996,478,0.509545,0.281779
80401,598,6066,463,0.496304,0.29679
80501,591,5984,472,0.513336,0.303382
80601,593,6005,480,0.519328,0.307961
80701,612,6060,468,0.491599,0.300858
80801,568,6016,479,0.519469,0.295058
80901,528,6007,479,0.547129,0.288884
81001,532,6039,465,0.500843,0.266449
81101,562,5994,467,0.527515,0.296464
81201,558,5966,473,0.490838,0.273888
81301,571,5988,462,0.484586,0.276698
81401,559,5952,460,0.503739,0.28159
81501,587,6030,464,0.541665,0.317957
81601,578,6055,468,0.508617,0.293981
81701,566,5965,464,0.52841,0.29908
81801,555,5975,477,0.51033,0.283233
81901,566,6058,475,0.509844,0.288572
82001,553,5946,485,0.512636,0.283488
82101,574,6001,488,0.521541,0.299365
82201,602,6016,483,0.502285,0.302376
82301,541,5980,485,0.536873,0.290448
82401,553,6053,478,0.501304,0.277221
82501,568,6003,490,0.523906,0.297579
82601,572,6110,477,0.505685,0.289252
82701,556,6007,489,0.486161,0.270305
82801,565,5996,481,0.507032,0.286473
82901,542,6020,475,0.491565,0.266428
83001,578,6143,481,0.500051,0.28903
83101,544,6058,484,0.504678,0.274545
83201,582,6131,487,0.533945,0.310756
83301,573,6053,489,0.510537,0.292538
83401,605,6095,494,0.508518,0.307654
83501,586,6096,490,0.515241,0.301931
83601,590,6173,484,0.530144,0.312785
83701,571,6068,478,0.51919,0.296458
83801,544,5989,487,0.530771,0.288739
83901,502,6058,482,0.53092,0.266522
84001,536,6090,480,0.539776,0.28932
84101,529,6078,485,0.519792,0.27497
84201,545,6054,486,0.500325,0.272677
84301,543,6122,480,0.502921,0.273086
84401,584,6152,480,0.50836,0.296882
84501,536,6179,484,0.520284,0.278872
84601,556,6121,495,0.517083,0.287498
84701,536,6125,485,0.50107,0.268573
84801,552,6163,485,0.480558,0.265268
84901,563,6190,486,0.485368,0.273262
85001,558,6182,484,0.493511,0.275379
85101,539,6195,482,0.483045,0.260361
85201,596,6224,487,0.512708,0.305574
85301,544,6174,495,0.518623,0.282131
85401,553,6234,495,0.496702,0.274676
85501,543,6163,493,0.50727,0.275447
85601,572,6244,488,0.478989,0.273982
85701,551,6161,485,0.494554,0.272499
85801,586,6200,481,0.499432,0.292667
85901,538,6272,484,0.520645,0.280107
86001,563,6200,485,0.512908,0.288767
86101,542,6059,494,0.510524,0.276704
86201,557,6245,492,0.500448,0.278749
86301,527,6170,488,0.496424,0.261616
86401,563,6246,485,0.507912,0.285955
86501,563,6224,500,0.49638,0.279462
86601,521,6164,490,0.493217,0.256966
86701,562,6150,485,0.532138,0.299062
86801,526,6179,496,0.494693,0.260208
86901,529,6146,495,0.49621,0.262495
87001,559,6177,487,0.50882,0.28443
87101,554,6210,485,0.530746,0.294033
87201,526,6309,497,0.499412,0.262691
87301,524,6223,487,0.535717,0.280716
87401,545,6181,487,0.505409,0.275448
87501,566,6223,487,0.514387,0.291143
87601,537,6171,489,0.54221,0.291167
87701,564,6273,504,0.538134,0.303507
87801,545,6218,509,0.497427,0.271097
87901,566,6225,512,0.540104,0.305699
88001,546,6192,505,0.509928,0.278421
88101,557,6282,501,0.5088,0.283401
88201,549,6256,492,0.493338,0.270843
88301,559,6200,492,0.495493,0.276981
88401,536,6242,484,0.496361,0.26605
88501,527,6144,503,0.530594,0.279623
88601,529,6216,492,0.505277,0.267291
88701,531,6153,500,0.546309,0.29009
88801,528,6228,491,0.472774,0.249625
88901,515,6235,493,0.485219,0.249888
89001,517,6166,491,0.543415,0.280946
89101,516,6157,493,0.520027,0.268334
89201,537,6186,491,0.528588,0.283851
89301,509,6100,496,0.517636,0.263477
89401,504,6116,508,0.4898,0.246859
89501,553,6181,498,0.502184,0.277708
89601,569,6204,500,0.559805,0.318529
89701,527,6273,499,0.519197,0.273617
89801,525,6226,508,0.522861,0.274502
89901,535,6201,504,0.502736,0.268964
90001,524,6212,511,0.51718,0.271002
90101,563,6294,506,0.520436,0.293006
90201,532,6250,500,0.537041,0.285706
90301,542,6223,505,0.525355,0.284742
90401,503,6127,506,0.541319,0.272283
90501,537,6166,507,0.50534,0.271368
90601,540,6234,506,0.534331,0.288539
90701,485,6237,502,0.499612,0.242312
90801,557,6361,507,0.524911,0.292376
90901,560,6314,509,0.522096,0.292373
91001,524,6266,500,0.537337,0.281565
91101,523,6316,509,0.49275,0.257708
91201,487,6301,515,0.5185,0.25251
91301,531,6348,505,0.498465,0.264685
91401,517,6348,506,0.509361,0.26334
91501,523,6313,503,0.514829,0.269256
91601,538,6279,513,0.52644,0.283225
91701,536,6385,511,0.524324,0.281038
91801,526,6341,522,0.484488,0.254841
91901,526,6331,509,0.503414,0.264796
92001,541,6402,510,0.504947,0.273176
92101,492,6279,507,0.514925,0.253343
92201,499,6311,521,0.517514,0.258239
92301,515,6295,510,0.515333,0.265397
92401,551,6395,506,0.492738,0.271499
92501,500,6324,520,0.491783,0.245891
92601,506,6333,522,0.504277,0.255164
92701,526,6348,522,0.506725,0.266537
92801,501,6338,520,0.531597,0.26633
92901,510,6292,525,0.48304,0.246351
93001,551,6315,523,0.516946,0.284837
93101,528,6371,517,0.501311,0.264692
93201,476,6311,509,0.485903,0.23129
93301,524,6183,504,0.533097,0.279343
93401,529,6240,512,0.50106,0.265061
93501,527,6360,511,0.493669,0.260163
93601,524,6297,510,0.502723,0.263427
93701,523,6317,525,0.507807,0.265583
93801,532,6320,525,0.524464,0.279015
93901,540,6391,519,0.508754,0.274727
94001,512,6365,518,0.50612,0.259133
94101,539,6300,520,0.514823,0.27749
94201,591,6475,521,0.482752,0.285307
94301,500,6408,517,0.51869,0.259345
94401,533,6357,529,0.50531,0.26933
94501,513,6388,529,0.527074,0.270389
94601,553,6421,528,0.511088,0.282632
94701,503,6367,531,0.511168,0.257117
94801,514,6382,521,0.487213,0.250427
94901,519,6403,525,0.527804,0.27393
95001,481,6447,522,0.516764,0.248563
95101,513,6387,518,0.532412,0.273127
95201,519,6466,528,0.484224,0.251312
95301,508,6550,526,0.508496,0.258316
95401,536,6585,531,0.50348,0.269865
95501,580,6470,532,0.514609,0.298473
95601,533,6488,530,0.503312,0.268265
95701,505,6372,520,0.509963,0.257531
95801,504,6476,532,0.490982,0.247455
95901,486,6477,530,0.500915,0.243445
96001,518,6379,526,0.517555,0.268094
96101,506,6360,532,0.504467,0.25526
96201,492,6318,525,0.500098,0.246048
96301,496,6423,524,0.504251,0.250108
96401,492,6333,526,0.541284,0.266312
96501,458,6418,535,0.514222,0.235514
96601,486,6340,543,0.512701,0.249173
96701,522,6394,534,0.521536,0.272242
96801,505,6398,539,0.524733,0.26499
96901,528,6405,534,0.523795,0.276564
97001,523,6444,535,0.519538,0.271719
97101,517,6392,539,0.513979,0.265727
97201,509,6415,546,0.52916,0.269342
97301,487,6507,542,0.521492,0.253967
97401,532,6538,534,0.535198,0.284726
97501,456,6482,539,0.508521,0.231886
97601,489,6442,536,0.492527,0.240846
97701,493,6508,531,0.500691,0.246841
97801,480,6479,533,0.535523,0.257051
97901,527,6502,540,0.516737,0.272321
98001,510,6487,533,0.51817,0.264267
98101,522,6543,536,0.508615,0.265497
98201,503,6500,550,0.495963,0.249469
98301,491,6432,554,0.510966,0.250884
98401,482,6506,549,0.507792,0.244756
98501,502,6443,545,0.529133,0.265625
98601,510,6624,541,0.50779,0.258973
98701,515,6417,539,0.499817,0.257406
98801,502,6423,539,0.509694,0.255867
98901,503,6494,546,0.501394,0.252201
99001,474,6445,540,0.510576,0.242013
99101,488,6546,550,0.53292,0.260065
99201,463,6406,559,0.509591,0.235941
99301,470,6559,550,0.464239,0.218192
99401,468,6471,546,0.523603,0.245046
99501,511,6437,543,0.52521,0.268382
99601,536,6530,552,0.513171,0.27506
99701,503,6499,539,0.534606,0.268907
99801,518,6654,542,0.496438,0.257155
99901,501,6577,543,0.502532,0.251768
100001,519,6604,555,0.514078,0.266807
100101,508,6564,549,0.534476,0.271514
100201,481,6546,537,0.49805,0.239562
100301,506,6545,551,0.530944,0.268657
100401,488,6558,552,0.534298,0.260737
100501,465,6520,556,0.484759,0.225413
100601,473,6603,552,0.498696,0.235883
100701,519,6594,552,0.51938,0.269558
100801,505,6649,544,0.527447,0.266361
100901,460,6504,551,0.516216,0.237459
101001,464,6488,560,0.544753,0.252765
101101,469,6484,553,0.497762,0.23345
101201,524,6553,556,0.542439,0.284238
101301,490,6554,556,0.512706,0.251226
101401,499,6587,563,0.517522,0.258244
101501,422,6462,557,0.531355,0.224232
101601,522,6518,552,0.528111,0.275674
101701,494,6637,565,0.487988,0.241066
101801,510,6672,552,0.52022,0.265312
101901,498,6507,563,0.511396,0.254675
102001,488,6499,562,0.488131,0.238208
102101,503,6603,557,0.519051,0.261083
102201,489,6531,555,0.517446,0.253031
102301,485,6567,566,0.475652,0.230691
102401,463,6616,560,0.526706,0.243865
102501,480,6627,564,0.524372,0.251698
102601,481,6552,560,0.503357,0.242114
102701,463,6633,569,0.55498,0.256956
102801,483,6633,574,0.519164,0.250756
102901,476,6581,565,0.530018,0.252288
103001,494,6600,569,0.524702,0.259203
103101,463,6559,567,0.52187,0.241626
103201,504,6530,574,0.514845,0.259482
103301,501,6682,574,0.497414,0.249204
103401,481,6642,569,0.481372,0.23154
103501,498,6597,564,0.528173,0.26303
103601,501,6616,564,0.53098,0.266021
103701,462,6504,571,0.489206,0.226013
103801,461,6514,570,0.522896,0.241055
103901,485,6641,561,0.519979,0.25219
104001,480,6650,562,0.54067,0.259522
104101,465,6554,581,0.529215,0.246085
104201,489,6601,571,0.494706,0.241911
104301,497,6612,577,0.514871,0.255891
104401,516,6607,582,0.514144,0.265298
104501,521,6622,579,0.512136,0.266823
104601,458,6569,578,0.486699,0.222908
104701,483,6646,586,0.525646,0.253887
104801,467,6555,579,0.523711,0.244573
104901,487,6691,579,0.502751,0.24484
105001,466,6582,579,0.50373,0.234738
105101,491,6568,573,0.524,0.257284
105201,463,6688,573,0.475142,0.219991
105301,505,6596,581,0.4926,0.248763
105401,477,6635,588,0.518935,0.247532
105501,479,6668,589,0.481065,0.23043
105601,477,6729,585,0.483074,0.230426
105701,470,6561,582,0.497561,0.233854
105801,502,6719,584,0.513641,0.257848
105901,473,6668,572,0.524014,0.247859
106001,480,6659,571,0.52752,0.25321
106101,476,6687,582,0.496286,0.236232
106201,511,6705,578,0.490143,0.250463
106301,483,6717,580,0.47074,0.227367
106401,497,6662,583,0.538572,0.26767
106501,469,6712,581,0.499437,0.234236
106601,487,6697,575,0.504687,0.245782
106701,466,6787,584,0.509841,0.237586
106801,430,6660,593,0.478326,0.20568
106901,471,6594,584,0.551973,0.259979
107001,456,6635,590,0.512497,0.233698
107101,463,6632,580,0.49497,0.229171
107201,450,6671,580,0.489678,0.220355
107301,452,6640,585,0.503957,0.227788
107401,475,6740,585,0.530271,0.251879
107501,449,6701,579,0.531473,0.238631
107601,473,6628,578,0.497186,0.235169
107701,487,6599,571,0.55371,0.269657
107801,464,6578,582,0.51614,0.239489
107901,452,6703,586,0.491889,0.222334
108001,470,6674,586,0.47305,0.222333
108101,443,6616,576,0.508023,0.225054
108201,445,6679,586,0.517547,0.230309
108301,467,6659,578,0.493008,0.230235
108401,440,6557,584,0.515621,0.226873
108501,464,6655,578,0.536303,0.248845
108601,480,6637,584,0.524886,0.251945
108701,458,6575,583,0.523313,0.239677
108801,456,6687,590,0.521482,0.237796
108901,460,6701,584,0.521482,0.239882
109001,450,6782,584,0.517134,0.23271
109101,481,6726,585,0.524025,0.252056
109201,477,6757,582,0.49918,0.238109
109301,443,6594,597,0.516622,0.228864
109401,457,6688,587,0.523565,0.239269
109501,475,6690,581,0.484517,0.230146
109601,467,6701,589,0.525617,0.245463
109701,477,6738,590,0.512419,0.244424
109801,432,6606,593,0.50344,0.217486
109901,472,6669,590,0.517212,0.244124
110001,429,6743,594,0.500578,0.214748
110101,428,6675,595,0.512239,0.219238
110201,447,6726,597,0.517259,0.231215
110301,434,6680,597,0.511411,0.221952
110401,448,6665,590,0.517618,0.231893
110501,423,6685,589,0.526829,0.222848
110601,427,6675,594,0.501765,0.214254
110701,452,6672,591,0.548758,0.248039
110801,452,6715,605,0.517327,0.233832
110901,430,6707,600,0.503226,0.216387
111001,450,6802,596,0.533249,0.239962
111101,459,6826,596,0.51643,0.237041
111201,414,6717,599,0.507261,0.210006
111301,429,6730,597,0.526074,0.225686
111401,442,6683,599,0.527284,0.233059
111501,441,6798,603,0.489918,0.216054
111601,419,6715,605,0.503668,0.211037
111701,463,6849,601,0.484692,0.224412
111801,436,6648,598,0.576798,0.251484
111901,401,6636,601,0.512892,0.20567
112001,433,6777,606,0.505397,0.218837
112101,429,6704,608,0.482998,0.207206
112201,463,6839,599,0.499933,0.231469
112301,448,6846,613,0.512281,0.229502
112401,458,6832,607,0.494032,0.226267
112501,451,6797,613,0.500573,0.225759
112601,430,6812,615,0.502245,0.215965
112701,449,6867,597,0.521512,0.234159
112801,466,6784,594,0.526797,0.245487
112901,417,6716,595,0.520328,0.216977
113001,435,6800,606,0.517266,0.225011
113101,415,6741,609,0.495589,0.205669
113201,437,6840,606,0.52569,0.229726
113301,433,6763,601,0.534562,0.231465
113401,450,6741,607,0.491931,0.221369
113501,434,6812,605,0.48915,0.212291
113601,431,6879,606,0.518462,0.223457
113701,451,6840,617,0.527918,0.238091
113801,441,6801,614,0.514832,0.227041
113901,415,6754,613,0.531961,0.220764
114001,447,6755,602,0.542149,0.24234
114101,407,6788,606,0.53351,0.217139
114201,427,6789,602,0.497679,0.212509
114301,466,6813,614,0.517388,0.241103
114401,445,6855,614,0.512815,0.228203
114501,484,6864,621,0.493649,0.238926
114601,481,6918,604,0.536229,0.257926
114701,448,6853,608,0.536838,0.240504
114801,427,6849,601,0.510134,0.217827
114901,424,6862,607,0.538353,0.228262
115001,463,6902,612,0.524046,0.242633
115101,431,6885,603,0.499646,0.215348
115201,460,6867,613,0.527343,0.242578
115301,452,6906,611,0.508448,0.229819
115401,464,6900,614,0.52307,0.242705
115501,423,6926,616,0.503498,0.212979
115601,445,6909,613,0.51384,0.228659
115701,401,6917,616,0.530608,0.212774
115801,465,6867,619,0.492245,0.228894
115901,430,6945,624,0.492565,0.211803
116001,391,6825,621,0.484175,0.189313
116101,422,6855,620,0.504517,0.212906
116201,431,6904,626,0.523257,0.225524
116301,435,6959,629,0.496668,0.216051
116401,419,6800,621,0.530008,0.222073
116501,418,6915,622,0.51781,0.216445
116601,427,6931,625,0.5007,0.213799
116701,436,6887,621,0.505726,0.220496
116801,405,6895,615,0.500795,0.202822
116901,408,6806,626,0.521383,0.212724
117001,439,6898,619,0.49048,0.215321
117101,411,6920,614,0.49895,0.205068
117201,425,6932,611,0.517703,0.220024
117301,435,6928,620,0.505216,0.219769
117401,445,6951,615,0.529613,0.235678
117501,423,6843,632,0.510442,0.215917
117601,438,6850,631,0.53193,0.232986
117701,437,6878,626,0.517548,0.226168
117801,408,6769,631,0.526642,0.21487
117901,407,6902,634,0.523963,0.213253
118001,404,6869,635,0.515125,0.20811
118101,417,6857,621,0.505573,0.210824
118201,411,6903,623,0.513026,0.210854
118301,409,6914,617,0.519219,0.212361
118401,400,6803,618,0.523246,0.209299
118501,433,6889,633,0.488913,0.211699
118601,400,6861,631,0.496458,0.198583
118701,416,6914,631,0.531466,0.22109
118801,425,6967,634,0.520676,0.221287
118901,404,7014,632,0.516204,0.208546
119001,425,6968,637,0.519598,0.220829
119101,415,6890,639,0.519811,0.215721
119201,413,6993,638,0.482478,0.199263
119301,415,6960,629,0.492688,0.204466
119401,426,6914,628,0.495177,0.210946
119501,406,6900,635,0.522912,0.212302
119601,429,6915,640,0.518411,0.222398
119701,429,6992,639,0.51747,0.221995
119801,434,7023,636,0.499861,0.21694
119901,402,6849,634,0.555076,0.223141
120001,410,6957,636,0.487818,0.200005
120101,446,7044,648,0.516318,0.230278
120201,371,6940,636,0.508066,0.188492
120301,399,7045,635,0.5037,0.200976
120401,398,6979,644,0.501465,0.199583
120501,420,6966,643,0.539268,0.226492
120601,414,6979,634,0.512836,0.212314
120701,418,6994,633,0.495207,0.206997
120801,432,7031,634,0.493984,0.213401
120901,398,6968,633,0.511294,0.203495
121001,415,6950,632,0.492267,0.204291
121101,405,6935,646,0.508931,0.206117
121201,404,6916,637,0.508523,0.205443
121301,446,7071,635,0.518177,0.231107
121401,395,7033,635,0.490102,0.19359
121501,422,7021,650,0.482976,0.203816
121601,465,7055,641,0.540962,0.251548
121701,442,7036,634,0.480739,0.212487
121801,448,7036,642,0.515544,0.230964
121901,429,7005,650,0.545879,0.234182
122001,443,7028,644,0.514107,0.227749
122101,396,7030,640,0.498122,0.197256
122201,444,7057,640,0.502552,0.223133
122301,414,6979,640,0.468867,0.194111
122401,419,6958,643,0.549174,0.230104
122501,406,7064,652,0.509179,0.206727
122601,414,7046,646,0.50677,0.209803
122701,411,6962,641,0.503959,0.207127
122801,384,7057,647,0.538448,0.206764
122901,404,7033,646,0.517445,0.209048
123001,420,6996,646,0.54285,0.227997
123101,438,7095,642,0.504037,0.220768
123201,419,7120,643,0.515686,0.216072
123301,419,7066,650,0.530338,0.222212
123401,438,7117,646,0.461145,0.201982
123501,448,7100,646,0.529061,0.23702
123601,411,7070,640,0.487825,0.200496
123701,390,7048,642,0.527458,0.205708
123801,411,7017,645,0.501088,0.205947
123901,399,7094,652,0.525093,0.209512
124001,419,7079,639,0.509478,0.213471
124101,414,7084,641,0.522432,0.216287
124201,421,7076,650,0.495476,0.208595
124301,424,7143,639,0.533109,0.226038
124401,410,7057,647,0.500442,0.205181
124501,419,7084,645,0.517684,0.216909
124601,407,7082,644,0.514045,0.209216
124701,437,7140,649,0.521551,0.227918
124801,409,7080,649,0.490282,0.200525
124901,426,7162,652,0.506445,0.215746
125001,391,7095,650,0.51507,0.201392
125101,436,7146,641,0.499978,0.21799
125201,417,7019,648,0.515512,0.214968
125301,376,6994,654,0.526454,0.197947
125401,391,7139,656,0.502655,0.196538
125501,388,7129,661,0.522302,0.202653
125601,381,7060,658,0.532419,0.202852
125701,395,7097,655,0.499907,0.197463
125801,397,7064,659,0.491343,0.195063
125901,388,7074,666,0.490438,0.19029
126001,393,7134,656,0.506366,0.199002
126101,389,7131,666,0.540613,0.210298
126201,375,7138,662,0.515845,0.193442
126301,400,7109,665,0.529652,0.211861
126401,394,7112,658,0.511047,0.201353
126501,414,7157,650,0.526337,0.217904
126601,383,7085,657,0.528736,0.202506
126701,372,7122,658,0.503951,0.18747
126801,400,7106,656,0.572548,0.229019
126901,359,7078,654,0.515607,0.185103
127001,373,7112,662,0.506222,0.188821
127101,424,7105,660,0.538165,0.228182
127201,383,7146,661,0.517475,0.198193
127301,372,7059,657,0.518105,0.192735
127401,392,7124,661,0.496531,0.19464
127501,384,7099,654,0.528336,0.202881
127601,375,7067,655,0.495958,0.185984
127701,389,7048,656,0.545415,0.212166
127801,394,6995,654,0.507354,0.199897
127901,391,7088,654,0.512038,0.200207
128001,403,7179,664,0.490285,0.197585
128101,389,7107,662,0.511699,0.199051
128201,352,7079,650,0.488477,0.171944
128301,366,7048,654,0.546427,0.199992
128401,377,7123,653,0.493213,0.185941
128501,382,7096,657,0.528352,0.20183
128601,394,7151,654,0.523205,0.206143
128701,363,7076,657,0.493846,0.179266
128801,373,7093,663,0.520166,0.194022
128901,375,7106,652,0.48154,0.180578
129001,363,7110,654,0.471622,0.171199
129101,372,7143,658,0.506827,0.18854
129201,391,7122,656,0.540808,0.211456
129301,377,7095,671,0.510528,0.192469
129401,400,7167,671,0.498851,0.19954
129501,349,7071,667,0.514488,0.179556
129601,366,7149,672,0.516992,0.189219
129701,371,7128,667,0.51844,0.192341
129801,367,7153,677,0.52217,0.191636
129901,332,7110,673,0.480258,0.159446
130001,369,7103,667,0.506467,0.186886
130101,376,7182,670,0.506876,0.190586
130201,359,7126,672,0.524984,0.188469
130301,364,7214,670,0.501663,0.182605
130401,367,7213,672,0.489714,0.179725
130501,374,7155,663,0.486251,0.181858
130601,370,7222,677,0.516065,0.190944
130701,367,7161,672,0.538939,0.197791
130801,359,7237,673,0.492498,0.176807
130901,385,7147,675,0.522232,0.201059
131001,371,7171,670,0.486,0.180306
131101,383,7208,679,0.513766,0.196772
131201,364,7178,679,0.510962,0.18599
131301,369,7187,673,0.533228,0.196761
131401,322,7159,669,0.498869,0.160636
131501,358,7133,672,0.509872,0.182534
131601,362,7250,676,0.507299,0.183642
131701,362,7235,675,0.505775,0.18309
131801,357,7139,669,0.545988,0.194918
131901,348,7160,676,0.482687,0.167975
132001,391,7290,672,0.490902,0.191943
132101,358,7204,679,0.523511,0.187417
132201,355,7199,677,0.515744,0.183089
132301,363,7141,673,0.520449,0.188923
132401,347,7163,673,0.498147,0.172857
132501,379,7226,669,0.508331,0.192658
132601,362,7119,665,0.507805,0.183826
132701,334,7134,666,0.527757,0.176271
132801,343,7179,671,0.506087,0.173588
132901,334,7200,670,0.527183,0.176079
133001,357,7249,666,0.510376,0.182204
133101,358,7243,680,0.511083,0.182968
133201,360,7251,677,0.507838,0.182822
133301,321,7109,676,0.544434,0.174763
133401,325,7139,680,0.50182,0.163092
133501,347,7297,674,0.540827,0.187667
133601,354,7159,683,0.514541,0.182147
133701,358,7180,674,0.521339,0.186639
133801,324,7177,683,0.498398,0.161481
133901,340,7202,678,0.559737,0.190311
134001,343,7211,683,0.553279,0.189775
134101,317,7257,681,0.506484,0.160555
134201,305,7172,692,0.51447,0.156913
134301,356,7220,686,0.482827,0.171886
134401,340,7189,677,0.507271,0.172472
134501,316,7217,686,0.518273,0.163774
134601,326,7293,685,0.520436,0.169662
134701,322,7152,680,0.535751,0.172512
134801,319,7228,690,0.490186,0.156369
134901,342,7232,691,0.533345,0.182404
135001,326,7202,684,0.543201,0.177084
135101,322,7188,682,0.495865,0.159669
135201,305,7220,684,0.509096,0.155274
135301,332,7188,681,0.519404,0.172442
135401,331,7198,677,0.506771,0.167741
135501,314,7224,680,0.506623,0.15908
135601,292,7205,676,0.489867,0.143041
135701,306,7214,680,0.499518,0.152852
135801,295,7153,673,0.538912,0.158979
135901,322,7164,678,0.516501,0.166313
136001,301,7138,678,0.570601,0.171751
136101,316,7236,685,0.472051,0.149168
136201,342,7258,685,0.520299,0.177942
136301,317,7221,677,0.554212,0.175685
136401,312,7250,683,0.527438,0.164561
136501,309,7265,679,0.540615,0.16705
136601,334,7316,677,0.5191,0.173379
136701,326,7318,678,0.477686,0.155726
136801,328,7303,676,0.485839,0.159355
136901,296,7227,679,0.504048,0.149198
137001,274,7169,681,0.522252,0.143097
137101,308,7237,684,0.520168,0.160212
137201,321,7223,682,0.488632,0.156851
137301,291,7164,682,0.530477,0.154369
137401,304,7200,681,0.51133,0.155444
137501,292,7176,686,0.538392,0.15721
137601,303,7287,687,0.517179,0.156705
137701,295,7242,682,0.482966,0.142475
137801,290,7254,682,0.504062,0.146178
137901,304,7202,674,0.51306,0.15597
138001,265,7225,682,0.52084,0.138023
138101,304,7313,688,0.526861,0.160166
138201,301,7253,685,0.522779,0.157357
138301,285,7239,684,0.509865,0.145311
138401,287,7197,685,0.558521,0.160296
138501,268,7165,685,0.505787,0.135551
138601,297,7249,682,0.525745,0.156146
138701,287,7277,687,0.522378,0.149922
138801,308,7208,682,0.523765,0.161319
138901,278,7223,677,0.505761,0.140602
139001,299,7277,682,0.508707,0.152103
139101,300,7237,683,0.512039,0.153612
139201,298,7281,682,0.514402,0.153292
139301,302,7267,679,0.543094,0.164014
139401,296,7260,683,0.487817,0.144394
139501,299,7294,682,0.48148,0.143963
139601,291,7243,681,0.491967,0.143163
139701,279,7251,683,0.521759,0.145571
139801,296,7255,683,0.494787,0.146457
139901,256,7204,673,0.509892,0.130532
140001,281,7289,677,0.492496,0.138391
140101,264,7230,674,0.537869,0.141997
140201,285,7290,679,0.50026,0.142574
140301,266,7282,678,0.52136,0.138682
140401,271,7221,674,0.49995,0.135486
140501,260,7167,684,0.545839,0.141918
140601,284,7225,678,0.515339,0.146356
140701,273,7143,684,0.524375,0.143154
140801,273,7227,680,0.513029,0.140057
140901,260,7188,681,0.5026,0.130676
141001,253,7203,678,0.542643,0.137289
141101,239,7127,680,0.502593,0.12012
141201,258,7216,686,0.502064,0.129533
141301,262,7253,695,0.481415,0.126131
141401,265,7219,687,0.559409,0.148243
141501,240,7248,684,0.517595,0.124223
141601,270,7350,685,0.483252,0.130478
141701,250,7274,686,0.505781,0.126445
141801,231,7225,680,0.553067,0.127759
141901,267,7250,695,0.533877,0.142545
142001,238,7212,685,0.510125,0.12141
142101,254,7257,693,0.517848,0.131533
142201,273,7221,683,0.508877,0.138923
142301,258,7214,682,0.488869,0.126128
142401,240,7162,691,0.505703,0.121369
142501,252,7239,685,0.529274,0.133377
142601,237,7203,694,0.534916,0.126775
142701,257,7249,687,0.552495,0.141991
142801,265,7369,692,0.541528,0.143505
142901,246,7271,692,0.504692,0.124154
143001,234,7227,688,0.507599,0.118778
143101,248,7271,687,0.505155,0.125279
143201,247,7220,701,0.492881,0.121742
143301,252,7256,692,0.52415,0.132086
143401,235,7298,695,0.483365,0.113591
143501,230,7330,694,0.50881,0.117026
143601,241,7252,697,0.520923,0.125543
143701,261,7301,695,0.537344,0.140247
143801,255,7286,688,0.538298,0.137266
143901,239,7296,693,0.503323,0.120294
144001,248,7276,691,0.490925,0.121749
144101,253,7262,708,0.517712,0.130981
144201,253,7266,699,0.521792,0.132013
144301,213,7295,695,0.500169,0.106536
144401,250,7368,694,0.524636,0.131159
144501,227,7266,694,0.456779,0.103689
144601,237,7236,707,0.511213,0.121157
144701,232,7276,705,0.513741,0.119188
144801,246,7300,697,0.496885,0.122234
144901,236,7263,694,0.511648,0.120749
145001,240,7221,694,0.494403,0.118657
145101,227,7278,697,0.550339,0.124927
145201,221,7297,697,0.545912,0.120647
145301,230,7283,690,0.546595,0.125717
145401,232,7242,695,0.499754,0.115943
145501,255,7259,687,0.502788,0.128211
145601,224,7324,690,0.50074,0.112166
145701,233,7270,695,0.544226,0.126805
145801,237,7306,698,0.566395,0.134236
145901,241,7339,693,0.481862,0.116129
146001,223,7270,688,0.48828,0.108887
146101,238,7317,690,0.513036,0.122103
146201,231,7303,691,0.509735,0.117749
146301,220,7299,698,0.5245,0.11539
146401,206,7264,700,0.549281,0.113152
146501,201,7294,699,0.531601,0.106852
146601,214,7269,697,0.502111,0.107452
146701,205,7306,697,0.515102,0.105596
146801,224,7404,699,0.526605,0.11796
146901,210,7349,695,0.490667,0.10304
147001,244,7373,701,0.522058,0.127382
147101,204,7304,697,0.538714,0.109898
147201,225,7300,698,0.488789,0.109977
147301,224,7320,703,0.481534,0.107864
147401,210,7355,699,0.474147,0.0995709
147501,211,7332,697,0.496479,0.104757
147601,190,7246,701,0.544987,0.103548
147701,219,7342,699,0.497941,0.109049
147801,201,7250,696,0.513922,0.103298
147901,208,7291,703,0.505545,0.105153
148001,182,7325,703,0.491307,0.0894178
148101,210,7314,703,0.508957,0.106881
148201,214,7343,706,0.552382,0.11821
148301,196,7365,706,0.467482,0.0916265
148401,209,7281,703,0.560956,0.11724
148501,205,7324,707,0.524537,0.10753
148601,189,7312,709,0.505653,0.0955684
148701,195,7278,707,0.592001,0.11544
148801,203,7357,706,0.529998,0.107589
148901,197,7334,709,0.491553,0.0968359
149001,182,7337,709,0.488736,0.08895
149101,196,7408,704,0.496877,0.0973878
149201,199,7388,704,0.513367,0.10216
149301,200,7377,701,0.519947,0.103989
149401,212,7322,703,0.487487,0.103347
149501,209,7384,710,0.525071,0.10974
149601,192,7288,707,0.510815,0.0980765
149701,190,7373,698,0.497752,0.0945729
149801,188,7366,703,0.527273,0.0991273
149901,211,7356,702,0.540833,0.114116
150001,163,7305,705,0.508506,0.0828865
150101,167,7326,703,0.512661,0.0856143
150201,188,7345,705,0.538781,0.101291
150301,183,7349,705,0.457365,0.0836978
150401,176,7383,707,0.449329,0.0790819
150501,175,7328,708,0.496928,0.0869624
150601,164,7342,707,0.483054,0.0792208
150701,169,7382,706,0.508211,0.0858876
150801,190,7375,707,0.510242,0.096946
150901,174,7385,704,0.501615,0.0872811
151001,164,7378,708,0.474946,0.0778911
151101,172,7414,708,0.521184,0.0896437
151201,161,7376,708,0.499967,0.0804948
151301,158,7355,714,0.546368,0.0863261
151401,163,7397,712,0.532055,0.086725
151501,166,7394,710,0.455086,0.0755442
151601,164,7360,714,0.502477,0.0824062
151701,172,7406,713,0.550978,0.0947683
151801,165,7370,709,0.512473,0.084558
151901,178,7361,713,0.545268,0.0970577
152001,161,7352,705,0.51474,0.0828731
152101,157,7353,707,0.482864,0.0758097
152201,153,7342,708,0.563505,0.0862162
152301,186,7391,710,0.505841,0.0940864
152401,145,7357,709,0.507617,0.0736044
152501,165,7429,712,0.439107,0.0724527
152601,144,7369,716,0.500823,0.0721185
152701,137,7333,712,0.531746,0.0728492
152801,151,7359,713,0.512463,0.0773819
152901,144,7315,708,0.54007,0.07777
153001,151,7322,719,0.519261,0.0784084
153101,141,7327,712,0.563268,0.0794207
153201,142,7321,716,0.48632,0.0690574
153301,140,7375,723,0.507328,0.0710259
153401,136,7318,727,0.491571,0.0668536
153501,130,7341,719,0.517887,0.0673252
153601,152,7360,714,0.497653,0.0756433
153701,142,7364,717,0.507812,0.0721093
153801,143,7356,720,0.477704,0.0683117
153901,146,7380,713,0.546441,0.0797803
154001,137,7382,718,0.494572,0.0677564
154101,130,7331,712,0.514852,0.0669308
154201,145,7367,712,0.521341,0.0755945
154301,134,7378,710,0.518332,0.0694565
154401,128,7388,714,0.557545,0.0713658
154501,127,7328,712,0.476893,0.0605654
154601,130,7349,714,0.580268,0.0754348
154701,135,7352,714,0.517358,0.0698433
154801,135,7342,716,0.497835,0.0672078
154901,120,7396,715,0.530694,0.0636833
155001,140,7384,715,0.52158,0.0730212
155101,134,7377,714,0.52223,0.0699789
155201,128,7398,717,0.454859,0.0582219
155301,105,7376,717,0.50242,0.0527541
155401,122,7330,716,0.478453,0.0583713
155501,124,7368,719,0.474926,0.0588908
155601,129,7386,723,0.50688,0.0653875
155701,128,7382,720,0.526765,0.0674259
155801,112,7361,723,0.562459,0.0629955
155901,115,7396,726,0.559659,0.0643608
156001,115,7389,722,0.467554,0.0537687
156101,117,7433,728,0.489531,0.0572751
156201,104,7412,728,0.47755,0.0496652
156301,114,7383,728,0.504596,0.057524
156401,92,7377,725,0.485614,0.0446765
156501,102,7359,726,0.50655,0.0516681
156601,102,7401,725,0.527857,0.0538414
156701,104,7398,725,0.498526,0.0518467
156801,107,7374,722,0.504128,0.0539417
156901,107,7411,721,0.463001,0.0495411
157001,114,7406,723,0.515723,0.0587924
157101,103,7351,726,0.581375,0.0598816
157201,98,7414,723,0.543671,0.0532797
157301,101,7405,723,0.544583,0.0550029
157401,99,7398,725,0.452706,0.0448179
157501,91,7382,727,0.511282,0.0465266
157601,102,7440,722,0.450803,0.0459819
157701,99,7383,723,0.495458,0.0490504
157801,92,7427,723,0.526525,0.0484403
157901,94,7425,724,0.559833,0.0526243
158001,87,7389,723,0.512116,0.0445541
158101,86,7426,722,0.552394,0.0475059
158201,83,7413,727,0.555886,0.0461385
158301,87,7409,726,0.47443,0.0412754
158401,86,7419,724,0.476102,0.0409448
158501,84,7402,725,0.555534,0.0466648
158601,78,7391,725,0.5666,0.0441948
158701,90,7426,725,0.627265,0.0564538
158801,77,7405,722,0.524738,0.0404048
158901,79,7428,726,0.584571,0.0461811
159001,76,7414,724,0.583285,0.0443297
159101,72,7437,725,0.472377,0.0340111
159201,69,7434,727,0.43514,0.0300247
159301,70,7437,725,0.473491,0.0331444
159401,63,7426,728,0.50262,0.0316651
159501,64,7426,726,0.58307,0.0373165
159601,54,7404,725,0.571929,0.0308841
159701,55,7422,724,0.651493,0.0358321
159801,48,7376,724,0.517413,0.0248358
159901,60,7408,725,0.589045,0.0353427
160001,58,7432,725,0.522969,0.0303322
160101,51,7433,727,0.486098,0.024791
160201,60,7438,728,0.571703,0.0343022
160301,50,7443,728,0.504302,0.0252151
160401,49,7422,728,0.518514,0.0254072
160501,55,7448,725,0.515467,0.0283507
160601,53,7440,727,0.471163,0.0249716
160701,46,7438,730,0.398853,0.0183473
160801,49,7447,725,0.491514,0.0240842
160901,46,7460,724,0.504322,0.0231988
161001,51,7466,725,0.599022,0.0305501
161101,50,7477,725,0.466793,0.0233397
161201,52,7488,725,0.448611,0.0233278
161301,42,7454,726,0.662282,0.0278158
161401,46,7467,725,0.587231,0.0270126
161501,44,7470,728,0.532716,0.0234395
161601,37,7453,725,0.53771,0.0198953
161701,38,7452,728,0.509455,0.0193593
161801,36,7471,728,0.41731,0.0150232
161901,32,7459,729,0.609033,0.0194891
162001,26,7486,728,0.481805,0.0125269
162101,35,7469,729,0.576689,0.0201841
162201,30,7482,728,0.428299,0.012849
162301,34,7464,729,0.64755,0.0220167
162401,32,7478,729,0.535602,0.0171393
162501,28,7484,730,0.516686,0.0144672
162601,31,7491,731,0.659745,0.0204521
162701,26,7506,730,0.478699,0.0124462
162801,23,7506,729,0.541941,0.0124646
162901,16,7494,730,0.459989,0.00735982
163001,16,7515,728,0.662959,0.0106073
163101,12,7510,728,0.412759,0.00495311
163201,13,7533,729,0.53766,0.00698958
163301,8,7541,729,0.298194,0.00238555
163401,8,7537,728,0.478141,0.00382513
