cycle,Population_size,Deleterious_muts,Beneficial_muts,Mean_fitness,Intrinsic_fitness
1,1000,0,0,1.0,1.0
101,711,1362,3,0.565921,0.40237
201,669,1377,4,0.537885,0.359845
301,701,1370,4,0.5452,0.382185
401,686,1440,3,0.544633,0.373618
501,668,1445,4,0.585428,0.391066
601,712,1443,2,0.552832,0.393616
701,665,1462,4,0.5443,0.36196
801,659,1376,4,0.536453,0.353523
901,678,1383,2,0.551007,0.373583
1001,697,1445,3,0.573547,0.399762
1101,698,1477,3,0.527947,0.368507
1201,686,1475,4,0.544828,0.373752
1301,673,1395,9,0.543763,0.365952
1401,670,1513,7,0.556309,0.372727
1501,670,1530,7,0.550843,0.369065
1601,659,1524,4,0.542484,0.357497
1701,639,1462,5,0.595517,0.380535
1801,633,1488,4,0.544713,0.344804
1901,675,1522,4,0.546596,0.368952
2001,671,1436,3,0.570715,0.38295
2101,677,1521,2,0.570297,0.386091
2201,648,1450,5,0.53975,0.349758
2301,661,1502,3,0.54902,0.362902
2401,684,1521,6,0.540351,0.3696
2501,668,1497,5,0.545583,0.364449
2601,631,1460,7,0.561773,0.354479
2701,743,1500,8,0.554506,0.411998
2801,673,1491,8,0.582118,0.391766
2901,641,1432,2,0.572992,0.367288
3001,688,1444,6,0.563914,0.387973
3101,682,1496,3,0.527975,0.360079
3201,650,1457,3,0.550509,0.357831
3301,664,1454,5,0.551305,0.366066
3401,659,1430,5,0.573027,0.377625
3501,682,1447,6,0.597614,0.407573
3601,675,1436,8,0.606303,0.409254
3701,671,1451,8,0.545506,0.366034
3801,639,1531,6,0.5415,0.346018
3901,660,1475,10,0.544757,0.35954
4001,686,1505,8,0.561853,0.385431
4101,638,1388,6,0.551473,0.35184
4201,653,1454,2,0.549797,0.359017
4301,652,1431,6,0.573862,0.374158
4401,666,1489,4,0.583847,0.388842
4501,665,1457,3,0.553393,0.368007
4601,658,1569,4,0.558883,0.367745
4701,689,1528,7,0.558522,0.384821
4801,623,1455,3,0.569667,0.354902
4901,702,1489,4,0.562879,0.395141
5001,664,1415,5,0.593321,0.393965
5101,637,1479,5,0.585207,0.372777
5201,685,1526,6,0.562028,0.384989
5301,669,1502,7,0.548492,0.366941
5401,665,1539,7,0.57067,0.379495
5501,655,1519,8,0.574798,0.376493
5601,661,1517,5,0.566712,0.374597
5701,627,1472,4,0.534371,0.335051
5801,657,1534,4,0.541276,0.355618
5901,671,1556,7,0.537169,0.36044
6001,661,1512,11,0.552011,0.364879
6101,668,1517,9,0.563995,0.376748
6201,675,1516,7,0.559708,0.377803
6301,677,1498,11,0.5504,0.372621
6401,677,1592,9,0.532935,0.360797
6501,666,1521,12,0.570044,0.379649
6601,647,1478,17,0.536886,0.347365
6701,664,1561,15,0.539474,0.358211
6801,639,1503,11,0.525497,0.335792
6901,652,1441,8,0.566047,0.369063
7001,677,1551,10,0.570964,0.386543
7101,641,1502,10,0.560189,0.359081
7201,674,1496,9,0.54888,0.369945
7301,635,1414,12,0.53806,0.341668
7401,651,1467,11,0.539133,0.350976
7501,644,1563,10,0.531268,0.342136
7601,658,1515,12,0.548483,0.360902
7701,687,1528,10,0.552612,0.379645
7801,678,1528,11,0.558726,0.378816
7901,654,1485,8,0.544862,0.35634
8001,659,1573,10,0.550017,0.362461
8101,678,1507,12,0.567415,0.384707
8201,652,1498,11,0.554648,0.36163
8301,661,1487,6,0.573321,0.378965
8401,634,1540,8,0.559367,0.354639
8501,681,1531,10,0.564623,0.384508
8601,637,1508,10,0.544775,0.347022
8701,674,1511,11,0.586253,0.395135
8801,638,1457,7,0.551419,0.351805
8901,642,1404,7,0.547046,0.351203
9001,602,1450,7,0.540927,0.325638
9101,626,1462,6,0.530296,0.331965
9201,663,1537,7,0.523082,0.346803
9301,661,1518,8,0.557769,0.368685
9401,699,1482,8,0.551605,0.385572
9501,665,1584,6,0.582456,0.387333
9601,673,1509,5,0.561848,0.378124
9701,638,1505,5,0.546825,0.348875
9801,656,1541,7,0.589284,0.38657
9901,621,1529,8,0.571029,0.354609
10001,666,1478,7,0.564412,0.375899
10101,651,1493,10,0.549363,0.357635
10201,680,1531,7,0.55598,0.378067
10301,636,1495,8,0.542624,0.345109
10401,630,1563,9,0.55671,0.350728
10501,673,1579,11,0.552664,0.371943
10601,661,1492,6,0.54341,0.359194
10701,645,1512,10,0.521171,0.336155
10801,650,1542,9,0.585355,0.380481
10901,629,1571,9,0.544054,0.34221
11001,638,1475,7,0.554316,0.353654
11101,654,1518,9,0.550945,0.360318
11201,639,1545,9,0.550862,0.352001
11301,649,1533,8,0.556274,0.361022
11401,661,1554,12,0.54869,0.362684
11501,681,1569,10,0.551384,0.375493
11601,614,1548,8,0.57849,0.355193
11701,629,1537,10,0.576549,0.362649
11801,627,1554,9,0.542925,0.340414
11901,680,1564,8,0.558308,0.379649
12001,656,1604,11,0.569258,0.373433
12101,638,1549,8,0.533635,0.340459
12201,611,1470,7,0.5697,0.348086
12301,662,1474,9,0.583071,0.385993
12401,636,1538,8,0.558298,0.355077
12501,622,1563,9,0.541519,0.336825
12601,637,1508,10,0.529796,0.33748
12701,607,1492,10,0.566479,0.343853
12801,601,1477,10,0.565843,0.340072
12901,641,1454,9,0.535639,0.343345
13001,668,1553,7,0.55043,0.367687
13101,647,1507,11,0.571677,0.369875
13201,662,1566,8,0.565779,0.374546
13301,631,1499,10,0.544971,0.343877
13401,630,1556,10,0.547354,0.344833
13501,655,1629,7,0.561342,0.367679
13601,647,1599,10,0.536695,0.347241
13701,642,1485,8,0.591647,0.379837
13801,667,1536,8,0.588187,0.392321
13901,642,1419,8,0.579748,0.372198
14001,656,1582,9,0.530868,0.348249
14101,630,1569,7,0.552912,0.348335
14201,644,1465,10,0.582545,0.375159
14301,630,1510,11,0.528102,0.332704
14401,647,1541,11,0.557851,0.36093
14501,650,1533,9,0.559006,0.363354
14601,646,1509,10,0.562612,0.363448
14701,656,1575,9,0.563836,0.369877
14801,677,1557,8,0.558577,0.378157
14901,655,1490,11,0.539018,0.353057
15001,645,1541,8,0.555416,0.358243
15101,624,1512,9,0.567958,0.354406
15201,635,1508,9,0.561999,0.35687
15301,615,1566,7,0.571936,0.35174
15401,663,1572,11,0.597784,0.396331
15501,656,1503,8,0.539625,0.353994
15601,656,1477,11,0.548685,0.359937
15701,621,1481,9,0.575532,0.357405
15801,660,1513,13,0.566885,0.374144
15901,628,1527,12,0.551351,0.346248
16001,639,1509,11,0.536612,0.342895
16101,659,1567,10,0.558637,0.368142
16201,646,1561,11,0.531735,0.3435
16301,664,1571,10,0.546112,0.362618
16401,633,1487,10,0.529375,0.335094
16501,680,1578,10,0.545266,0.370781
16601,638,1450,9,0.553644,0.353225
16701,625,1494,10,0.577657,0.361036
16801,670,1554,8,0.550512,0.368843
16901,587,1467,7,0.535598,0.314396
17001,638,1506,7,0.551963,0.352152
17101,623,1489,9,0.537485,0.334853
17201,621,1563,6,0.571594,0.35496
17301,651,1559,7,0.550924,0.358651
17401,611,1529,10,0.563133,0.344075
17501,650,1539,9,0.555339,0.36097
17601,636,1487,12,0.559334,0.355736
17701,654,1499,14,0.557238,0.364434
17801,627,1483,13,0.556127,0.348691
17901,655,1535,11,0.55583,0.364069
18001,628,1463,9,0.561987,0.352928
18101,635,1476,11,0.562255,0.357032
18201,660,1546,8,0.548099,0.361745
18301,585,1541,9,0.565484,0.330808
18401,608,1509,9,0.567436,0.345001
18501,618,1504,9,0.574363,0.354956
18601,659,1519,8,0.551943,0.36373
18701,611,1490,6,0.595708,0.363978
18801,643,1518,9,0.555322,0.357072
18901,627,1570,9,0.575704,0.360966
19001,644,1534,8,0.531183,0.342082
19101,633,1548,10,0.571831,0.361969
19201,646,1609,10,0.559458,0.36141
19301,663,1548,12,0.582843,0.386425
19401,640,1566,9,0.54819,0.350842
19501,622,1503,9,0.551783,0.343209
19601,620,1535,9,0.55813,0.346041
19701,645,1555,9,0.533227,0.343932
19801,634,1575,10,0.540026,0.342376
19901,616,1527,13,0.572424,0.352613
20001,623,1431,8,0.562313,0.350321
20101,611,1499,7,0.570365,0.348493
20201,623,1494,9,0.563053,0.350782
20301,670,1576,11,0.573912,0.384521
20401,589,1541,10,0.590222,0.347641
20501,637,1532,15,0.556653,0.354588
20601,640,1602,11,0.547409,0.350342
20701,657,1569,10,0.553176,0.363436
20801,578,1461,12,0.553774,0.320081
20901,630,1535,9,0.545994,0.343976
21001,630,1470,9,0.526217,0.331517
21101,586,1491,7,0.54603,0.319974
21201,660,1483,13,0.567809,0.374754
21301,650,1508,10,0.590015,0.38351
21401,657,1561,11,0.564211,0.370686
21501,632,1533,9,0.555499,0.351076
21601,627,1502,8,0.572756,0.359118
21701,643,1534,9,0.581009,0.373589
21801,642,1576,9,0.530564,0.340622
21901,643,1544,12,0.540055,0.347256
22001,661,1534,10,0.593814,0.392511
22101,659,1557,8,0.540734,0.356344
22201,671,1638,12,0.548096,0.367773
22301,665,1539,19,0.557026,0.370422
22401,669,1568,13,0.543544,0.363631
22501,630,1500,13,0.544289,0.342902
22601,663,1603,14,0.53732,0.356243
22701,629,1493,14,0.567944,0.357237
22801,657,1538,13,0.555971,0.365273
22901,635,1460,14,0.541223,0.343677
23001,628,1603,10,0.567957,0.356677
23101,653,1567,9,0.542014,0.353935
23201,654,1567,9,0.560444,0.366531
23301,602,1557,10,0.550091,0.331155
23401,602,1504,10,0.573267,0.345107
23501,631,1575,13,0.572345,0.36115
23601,618,1532,14,0.583175,0.360402
23701,633,1508,13,0.579974,0.367124
23801,632,1571,11,0.560208,0.354051
23901,649,1529,11,0.561709,0.364549
24001,603,1556,11,0.559811,0.337566
24101,639,1687,13,0.544628,0.348017
24201,616,1555,12,0.562007,0.346196
24301,670,1572,13,0.544544,0.364844
24401,627,1527,15,0.577377,0.362015
24501,617,1521,15,0.548619,0.338498
24601,612,1563,12,0.545559,0.333882
24701,611,1596,12,0.57492,0.351276
24801,618,1553,16,0.556829,0.34412
24901,615,1541,13,0.528199,0.324843
25001,622,1542,11,0.568704,0.353734
25101,619,1493,11,0.572226,0.354208
25201,631,1520,15,0.561459,0.354281
25301,645,1539,12,0.548923,0.354055
25401,657,1519,13,0.572225,0.375952
25501,609,1535,13,0.532725,0.324429
25601,636,1627,11,0.543206,0.345479
25701,644,1542,10,0.551163,0.354949
25801,635,1575,13,0.537643,0.341403
25901,665,1588,15,0.580685,0.386156
26001,632,1541,11,0.549775,0.347458
26101,631,1562,11,0.543826,0.343154
26201,658,1527,11,0.568642,0.374166
26301,646,1588,12,0.54692,0.35331
26401,652,1589,13,0.580909,0.378753
26501,632,1545,15,0.569668,0.36003
26601,641,1529,15,0.597186,0.382796
26701,635,1524,17,0.550521,0.349581
26801,636,1566,16,0.544868,0.346536
26901,643,1519,13,0.578493,0.371971
27001,579,1509,14,0.581679,0.336792
27101,623,1485,13,0.598706,0.372994
27201,614,1535,12,0.56637,0.347751
27301,645,1580,14,0.533289,0.343972
27401,619,1572,16,0.537545,0.33274
27501,603,1490,17,0.555316,0.334855
27601,641,1573,19,0.541257,0.346946
27701,634,1574,17,0.548332,0.347642
27801,644,1580,13,0.545803,0.351497
27901,632,1591,14,0.542205,0.342673
28001,592,1539,16,0.578588,0.342524
28101,596,1561,16,0.555475,0.331063
28201,591,1618,14,0.551716,0.326064
28301,635,1546,12,0.586937,0.372705
28401,644,1631,13,0.546667,0.352054
28501,641,1513,14,0.580817,0.372304
28601,621,1550,12,0.536367,0.333084
28701,607,1530,12,0.562918,0.341691
28801,578,1478,16,0.545193,0.315121
28901,655,1572,13,0.570568,0.373722
29001,619,1564,15,0.575478,0.356221
29101,667,1589,12,0.574711,0.383332
29201,572,1537,13,0.57618,0.329575
29301,605,1546,13,0.578083,0.34974
29401,628,1624,13,0.560327,0.351886
29501,591,1531,15,0.550256,0.325201
29601,647,1615,19,0.524764,0.339522
29701,646,1594,17,0.542813,0.350657
29801,601,1557,18,0.58056,0.348917
29901,642,1631,16,0.597842,0.383815
30001,640,1628,16,0.539057,0.344996
30101,629,1533,16,0.605174,0.380654
30201,666,1605,17,0.537763,0.35815
30301,642,1532,18,0.535065,0.343512
30401,588,1525,18,0.578418,0.34011
30501,625,1474,17,0.559059,0.349412
30601,612,1571,18,0.531793,0.325457
30701,593,1534,19,0.540304,0.3204
30801,619,1606,19,0.563311,0.34869
30901,624,1606,17,0.561711,0.350508
31001,627,1553,17,0.555697,0.348422
31101,649,1562,18,0.568351,0.36886
31201,628,1552,19,0.560357,0.351904
31301,631,1519,21,0.571274,0.360474
31401,583,1511,18,0.587607,0.342575
31501,617,1577,16,0.563262,0.347533
31601,661,1618,16,0.553792,0.366057
31701,662,1609,15,0.538627,0.356571
31801,616,1550,13,0.569357,0.350724
31901,582,1562,13,0.577809,0.336285
32001,616,1668,13,0.552674,0.340447
32101,600,1603,14,0.559368,0.335621
32201,593,1634,16,0.5479,0.324905
32301,604,1536,17,0.556556,0.33616
32401,603,1573,19,0.554873,0.334588
32501,641,1539,13,0.560305,0.359156
32601,592,1563,17,0.564389,0.334118
32701,653,1574,20,0.577112,0.376854
32801,637,1608,13,0.538589,0.343081
32901,619,1555,15,0.572987,0.354679
33001,601,1615,14,0.537639,0.323121
33101,613,1583,14,0.562687,0.344927
33201,586,1551,16,0.533969,0.312906
33301,621,1554,16,0.54272,0.337029
33401,613,1574,17,0.554595,0.339967
33501,658,1560,17,0.545481,0.358927
33601,610,1528,16,0.555238,0.338695
33701,581,1543,22,0.553934,0.321836
33801,645,1615,23,0.546214,0.352308
33901,630,1608,17,0.553915,0.348966
34001,594,1586,17,0.538346,0.319778
34101,615,1608,18,0.556448,0.342216
34201,603,1619,18,0.537549,0.324142
34301,593,1527,20,0.603876,0.358098
34401,596,1542,22,0.550767,0.328257
34501,583,1518,20,0.538049,0.313683
34601,624,1530,20,0.578278,0.360846
34701,609,1550,19,0.569448,0.346794
34801,629,1544,20,0.556667,0.350144
34901,596,1582,16,0.52585,0.313407
35001,608,1642,16,0.577419,0.351071
35101,587,1555,17,0.545477,0.320195
35201,634,1548,15,0.574391,0.364164
35301,594,1551,15,0.556651,0.330651
35401,612,1547,17,0.575122,0.351975
35501,627,1589,15,0.551064,0.345517
35601,608,1587,16,0.573952,0.348963
35701,638,1584,19,0.567253,0.361907
35801,618,1587,16,0.5468,0.337922
35901,664,1600,19,0.575763,0.382306
36001,603,1602,20,0.544382,0.328262
36101,619,1617,21,0.546191,0.338092
36201,625,1652,21,0.562308,0.351443
36301,588,1580,18,0.538775,0.3168
36401,589,1552,20,0.571424,0.336569
36501,621,1634,20,0.566146,0.351577
36601,600,1525,19,0.557857,0.334714
36701,612,1613,18,0.554348,0.339261
36801,603,1631,20,0.544056,0.328066
36901,599,1567,22,0.564332,0.338035
37001,589,1525,22,0.566486,0.33366
37101,631,1634,25,0.548728,0.346247
37201,619,1607,21,0.592077,0.366496
37301,629,1533,24,0.598351,0.376363
37401,635,1654,21,0.551145,0.349977
37501,602,1619,21,0.523932,0.315407
37601,583,1500,20,0.562371,0.327862
37701,612,1578,21,0.547793,0.335249
37801,633,1624,21,0.564178,0.357125
37901,578,1619,21,0.532376,0.307713
38001,630,1625,21,0.543876,0.342642
38101,610,1550,22,0.561027,0.342226
38201,617,1617,21,0.557415,0.343925
38301,626,1645,22,0.541504,0.338981
38401,609,1596,22,0.553532,0.337101
38501,637,1588,21,0.571905,0.364304
38601,622,1576,18,0.568618,0.35368
38701,626,1637,19,0.551991,0.345546
38801,594,1593,19,0.570494,0.338873
38901,626,1580,22,0.568836,0.356091
39001,583,1540,23,0.582907,0.339835
39101,607,1582,18,0.562978,0.341728
39201,612,1644,21,0.534553,0.327147
39301,600,1611,22,0.562539,0.337523
39401,620,1595,19,0.587006,0.363944
39501,607,1581,22,0.578075,0.350892
39601,632,1615,24,0.547877,0.346258
39701,582,1601,19,0.554549,0.322748
39801,592,1644,21,0.519688,0.307655
39901,578,1542,18,0.564406,0.326227
40001,548,1579,18,0.557254,0.305375
40101,613,1539,21,0.565109,0.346412
40201,599,1645,22,0.559025,0.334856
40301,600,1615,20,0.54963,0.329778
40401,610,1611,20,0.54233,0.330821
40501,633,1606,19,0.564247,0.357168
40601,621,1647,21,0.572844,0.355736
40701,599,1683,18,0.552624,0.331022
40801,618,1612,22,0.539513,0.333419
40901,579,1581,24,0.569516,0.32975
41001,618,1603,22,0.558712,0.345284
41101,597,1611,23,0.532405,0.317846
41201,613,1634,20,0.557155,0.341536
41301,595,1654,21,0.543203,0.323206
41401,596,1569,20,0.548995,0.327201
41501,582,1672,18,0.545143,0.317273
41601,630,1674,19,0.549632,0.346268
41701,617,1609,19,0.554273,0.341986
41801,574,1639,20,0.54203,0.311125
41901,605,1659,20,0.526903,0.318776
42001,584,1621,23,0.546247,0.319008
42101,625,1618,19,0.55959,0.349744
42201,586,1633,17,0.550389,0.322528
42301,599,1593,17,0.575918,0.344975
42401,586,1607,19,0.532054,0.311784
42501,603,1594,18,0.567367,0.342122
42601,579,1576,16,0.556913,0.322453
42701,609,1625,17,0.552698,0.336593
42801,596,1605,17,0.588514,0.350754
42901,598,1587,17,0.551278,0.329665
43001,628,1667,19,0.560641,0.352083
43101,602,1604,20,0.531793,0.32014
43201,626,1566,18,0.588591,0.368458
43301,607,1651,19,0.559062,0.339351
43401,618,1615,17,0.568433,0.351291
43501,583,1637,19,0.56174,0.327494
43601,593,1624,21,0.549459,0.325829
43701,593,1611,22,0.554825,0.329012
43801,588,1581,21,0.555563,0.326671
43901,595,1568,20,0.541639,0.322275
44001,634,1657,21,0.541325,0.3432
44101,634,1637,22,0.560717,0.355494
44201,610,1655,23,0.540977,0.329996
44301,623,1685,22,0.56742,0.353503
44401,588,1629,24,0.56126,0.330021
44501,566,1625,22,0.600369,0.339809
44601,603,1608,20,0.576948,0.3479
44701,605,1625,21,0.603231,0.364955
44801,601,1662,21,0.557669,0.335159
44901,632,1585,19,0.548421,0.346602
45001,580,1673,18,0.514167,0.298217
45101,578,1634,18,0.569722,0.329299
45201,598,1631,18,0.543075,0.324759
45301,550,1580,22,0.536447,0.295046
45401,607,1663,21,0.546508,0.33173
45501,574,1616,19,0.569404,0.326838
45601,587,1607,19,0.535151,0.314134
45701,557,1634,20,0.532179,0.296424
45801,593,1646,26,0.547847,0.324873
45901,591,1615,24,0.585919,0.346278
46001,581,1551,20,0.558443,0.324455
46101,594,1649,25,0.571334,0.339372
46201,585,1655,24,0.530971,0.310618
46301,563,1500,24,0.596876,0.336041
46401,606,1616,24,0.554106,0.335788
46501,599,1639,25,0.569329,0.341028
46601,615,1677,20,0.570274,0.350719
46701,613,1612,21,0.526496,0.322742
46801,599,1681,24,0.508303,0.304474
46901,639,1691,20,0.536215,0.342642
47001,627,1630,26,0.553897,0.347293
47101,599,1657,22,0.566354,0.339246
47201,617,1620,22,0.582135,0.359177
47301,615,1620,21,0.577142,0.354942
47401,636,1621,21,0.522421,0.33226
47501,593,1677,26,0.533403,0.316308
47601,607,1610,22,0.564055,0.342381
47701,618,1660,22,0.555915,0.343555
47801,615,1645,22,0.562285,0.345805
47901,627,1689,21,0.553943,0.347322
48001,625,1629,21,0.590582,0.369114
48101,630,1691,20,0.551098,0.347192
48201,605,1630,22,0.532562,0.3222
48301,618,1604,20,0.56455,0.348892
48401,572,1678,21,0.548907,0.313975
48501,616,1665,21,0.563725,0.347255
48601,574,1574,22,0.549968,0.315682
48701,653,1697,22,0.55611,0.36314
48801,607,1555,21,0.568103,0.344839
48901,610,1694,21,0.543281,0.331402
49001,596,1609,20,0.580271,0.345842
49101,591,1561,24,0.56396,0.3333
49201,605,1691,22,0.56714,0.34312
49301,576,1645,23,0.548607,0.315998
49401,609,1593,25,0.572674,0.348759
49501,580,1564,25,0.545787,0.316557
49601,596,1670,26,0.572837,0.341411
49701,581,1609,27,0.563016,0.327112
49801,613,1585,26,0.53705,0.329212
49901,592,1667,23,0.575876,0.340918
50001,577,1573,22,0.552104,0.318564
50101,646,1691,22,0.579201,0.374164
50201,590,1682,21,0.562793,0.332048
50301,553,1546,21,0.546611,0.302276
50401,593,1622,23,0.546434,0.324035
50501,585,1605,24,0.582365,0.340684
50601,594,1567,23,0.555626,0.330042
50701,599,1600,23,0.578084,0.346272
50801,622,1627,28,0.544177,0.338478
50901,657,1681,27,0.546027,0.35874
51001,600,1679,26,0.554031,0.332419
51101,611,1604,25,0.566588,0.346186
51201,602,1657,29,0.561901,0.338265
51301,615,1624,25,0.583064,0.358585
51401,612,1626,24,0.560728,0.343165
51501,608,1632,25,0.568138,0.345428
51601,625,1632,24,0.55994,0.349963
51701,589,1658,22,0.588563,0.346664
51801,582,1626,27,0.553341,0.322044
51901,627,1677,26,0.579719,0.363484
52001,603,1680,24,0.556123,0.335342
52101,610,1656,30,0.560791,0.342083
52201,615,1615,24,0.587521,0.361326
52301,594,1647,29,0.528803,0.314109
52401,592,1647,28,0.56678,0.335534
52501,573,1590,30,0.54985,0.315064
52601,598,1758,25,0.53323,0.318872
52701,599,1637,25,0.562586,0.336989
52801,601,1659,32,0.566345,0.340373
52901,612,1686,29,0.535332,0.327623
53001,599,1655,27,0.546182,0.327163
53101,620,1597,28,0.587037,0.363963
53201,584,1646,28,0.567539,0.331443
53301,582,1621,27,0.550347,0.320302
53401,575,1587,27,0.567195,0.326137
53501,603,1658,26,0.531984,0.320786
53601,583,1645,27,0.545227,0.317867
53701,594,1664,27,0.557592,0.33121
53801,591,1693,29,0.516001,0.304957
53901,585,1628,26,0.525591,0.307471
54001,628,1692,26,0.552581,0.347021
54101,593,1666,25,0.545042,0.32321
54201,592,1597,25,0.578618,0.342542
54301,615,1598,26,0.598901,0.368324
54401,577,1675,24,0.550506,0.317642
54501,619,1715,25,0.552388,0.341928
54601,612,1635,25,0.555664,0.340066
54701,613,1652,28,0.561466,0.344179
54801,601,1643,28,0.55133,0.331349
54901,581,1709,28,0.54652,0.317528
55001,593,1689,24,0.534614,0.317026
55101,575,1696,27,0.538585,0.309686
55201,612,1620,30,0.539388,0.330105
55301,620,1615,28,0.55522,0.344237
55401,576,1648,28,0.563636,0.324654
55501,597,1620,29,0.559113,0.333791
55601,579,1667,29,0.542673,0.314208
55701,591,1612,34,0.577173,0.341109
55801,599,1702,29,0.594375,0.356031
55901,602,1673,30,0.549505,0.330802
56001,566,1589,29,0.559394,0.316617
56101,593,1662,29,0.561308,0.332856
56201,601,1642,29,0.545364,0.327764
56301,623,1723,31,0.57114,0.35582
56401,573,1631,26,0.559953,0.320853
56501,568,1562,26,0.578853,0.328789
56601,596,1621,28,0.55088,0.328324
56701,561,1671,30,0.579819,0.325279
56801,582,1653,30,0.550446,0.320359
56901,591,1639,24,0.519452,0.306996
57001,560,1638,27,0.565791,0.316843
57101,598,1626,26,0.573736,0.343094
57201,570,1624,29,0.584321,0.333063
57301,569,1580,25,0.544074,0.309578
57401,569,1640,25,0.556164,0.316457
57501,583,1688,28,0.552473,0.322092
57601,615,1699,27,0.548849,0.337542
57701,599,1703,27,0.54392,0.325808
57801,623,1682,26,0.564411,0.351628
57901,591,1644,26,0.540319,0.319329
58001,561,1668,30,0.564281,0.316562
58101,590,1653,27,0.564728,0.33319
58201,557,1633,29,0.572933,0.319124
58301,599,1637,31,0.568734,0.340671
58401,638,1699,32,0.567213,0.361882
58501,571,1707,28,0.554988,0.316898
58601,621,1735,27,0.581128,0.360881
58701,588,1669,26,0.56147,0.330144
58801,586,1657,32,0.546519,0.32026
58901,581,1653,31,0.580242,0.337121
59001,592,1637,31,0.557212,0.32987
59101,564,1635,31,0.577537,0.325731
59201,576,1626,28,0.572802,0.329934
59301,594,1716,31,0.545139,0.323812
59401,560,1671,31,0.545104,0.305258
59501,602,1673,32,0.578523,0.348271
59601,610,1638,35,0.554034,0.337961
59701,580,1700,30,0.555072,0.321942
59801,585,1723,31,0.537392,0.314375
59901,570,1654,33,0.564298,0.32165
60001,596,1712,33,0.566692,0.337748
60101,578,1676,31,0.552767,0.319499
60201,583,1639,34,0.550177,0.320753
60301,555,1636,31,0.560664,0.311168
60401,613,1681,34,0.585908,0.359162
60501,591,1677,31,0.545077,0.322141
60601,575,1621,29,0.575315,0.330806
60701,611,1673,29,0.586701,0.358474
60801,589,1772,31,0.553547,0.326039
60901,596,1675,33,0.565454,0.337011
61001,596,1746,31,0.544391,0.324457
61101,591,1743,29,0.539388,0.318778
61201,564,1669,30,0.575804,0.324754
61301,591,1683,32,0.564933,0.333876
61401,597,1694,31,0.563211,0.336237
61501,586,1705,33,0.546494,0.320246
61601,575,1644,30,0.526357,0.302656
61701,607,1763,31,0.529393,0.321342
61801,551,1675,33,0.567437,0.312658
61901,611,1683,32,0.578672,0.353569
62001,565,1617,31,0.578549,0.32688
62101,590,1681,31,0.547919,0.323272
62201,574,1611,35,0.552118,0.316916
62301,616,1651,37,0.548722,0.338013
62401,596,1611,35,0.530781,0.316346
62501,597,1684,37,0.553863,0.330656
62601,616,1713,36,0.536813,0.330677
62701,572,1647,34,0.543292,0.310763
62801,577,1644,33,0.555375,0.320451
62901,602,1694,35,0.602614,0.362774
63001,565,1681,33,0.547135,0.309131
63101,597,1732,33,0.557284,0.332698
63201,568,1587,32,0.563189,0.319891
63301,580,1709,32,0.534252,0.309866
63401,598,1733,38,0.548388,0.327936
63501,569,1739,34,0.559084,0.318119
63601,576,1704,32,0.568324,0.327354
63701,536,1646,31,0.564503,0.302573
63801,587,1729,32,0.54853,0.321987
63901,594,1706,34,0.533567,0.316939
64001,579,1695,35,0.587143,0.339956
64101,573,1679,38,0.5837,0.33446
64201,604,1708,35,0.554169,0.334718
64301,601,1717,35,0.579002,0.34798
64401,580,1733,33,0.532766,0.309004
64501,598,1746,32,0.520218,0.31109
64601,603,1737,34,0.549766,0.331509
64701,570,1725,35,0.571505,0.325758
64801,587,1645,34,0.535275,0.314206
64901,552,1638,36,0.548095,0.302549
65001,569,1661,33,0.581347,0.330787
65101,575,1707,34,0.584082,0.335847
65201,588,1707,36,0.558657,0.32849
65301,575,1720,36,0.561904,0.323095
65401,579,1641,37,0.572892,0.331705
65501,573,1643,37,0.577285,0.330785
65601,590,1680,36,0.569779,0.33617
65701,568,1759,35,0.532586,0.302509
65801,562,1698,35,0.563446,0.316657
65901,611,1752,35,0.559694,0.341973
66001,600,1646,37,0.586273,0.351764
66101,576,1672,37,0.565958,0.325992
66201,561,1712,34,0.570179,0.31987
66301,609,1794,32,0.550112,0.335019
66401,579,1744,33,0.570807,0.330497
66501,557,1690,34,0.563743,0.314005
66601,588,1699,36,0.552866,0.325085
66701,601,1633,37,0.579484,0.34827
66801,555,1670,34,0.566299,0.314296
66901,602,1720,36,0.559347,0.336727
67001,597,1700,35,0.554787,0.331208
67101,556,1669,38,0.565278,0.314294
67201,528,1673,37,0.560048,0.295705
67301,593,1662,37,0.552849,0.327839
67401,563,1665,34,0.531719,0.299358
67501,552,1751,37,0.545386,0.301053
67601,588,1708,35,0.572065,0.336374
67701,572,1672,36,0.516155,0.295241
67801,564,1679,40,0.547561,0.308824
67901,560,1673,36,0.562146,0.314802
68001,586,1648,39,0.587051,0.344012
68101,607,1677,34,0.547785,0.332506
68201,592,1716,36,0.545463,0.322914
68301,581,1736,32,0.56252,0.326824
68401,613,1762,32,0.558136,0.342137
68501,559,1683,36,0.590102,0.329867
68601,564,1715,35,0.560443,0.31609
68701,557,1709,33,0.543724,0.302854
68801,588,1686,34,0.60324,0.354705
68901,590,1695,34,0.529257,0.312262
69001,567,1733,33,0.595776,0.337805
69101,562,1686,36,0.544212,0.305847
69201,570,1682,36,0.579034,0.33005
69301,575,1706,37,0.584622,0.336158
69401,590,1688,38,0.562731,0.332011
69501,613,1728,36,0.547586,0.33567
69601,592,1778,37,0.526381,0.311617
69701,557,1764,35,0.541325,0.301518
69801,613,1757,35,0.561184,0.344006
69901,599,1768,34,0.539498,0.323159
70001,565,1658,38,0.569218,0.321608
70101,574,1732,39,0.5956,0.341874
70201,606,1755,36,0.563421,0.341433
70301,570,1711,40,0.556644,0.317287
70401,576,1722,40,0.548254,0.315795
70501,584,1704,39,0.596709,0.348478
70601,571,1737,38,0.572311,0.32679
70701,570,1688,38,0.556691,0.317314
70801,593,1694,38,0.56769,0.33664
70901,579,1707,36,0.561036,0.32484
71001,563,1780,36,0.594223,0.334548
71101,580,1789,38,0.520751,0.302036
71201,624,1756,39,0.535789,0.334332
71301,555,1725,37,0.543043,0.301389
71401,569,1695,37,0.543987,0.309529
71501,574,1729,39,0.552738,0.317272
71601,611,1759,38,0.571394,0.349122
71701,602,1759,38,0.539754,0.324932
71801,606,1733,38,0.545893,0.330811
71901,584,1734,39,0.549562,0.320944
72001,602,1723,38,0.578836,0.348459
72101,605,1767,38,0.574444,0.347539
72201,570,1669,39,0.583097,0.332365
72301,591,1748,38,0.557723,0.329614
72401,607,1794,38,0.550533,0.334174
72501,578,1777,35,0.529029,0.305779
72601,586,1716,34,0.564279,0.330667
72701,598,1753,37,0.55681,0.332973
72801,560,1717,37,0.5363,0.300328
72901,535,1727,38,0.54312,0.290569
73001,556,1688,39,0.582715,0.32399
73101,587,1774,38,0.594144,0.348763
73201,567,1772,38,0.568637,0.322417
73301,559,1682,38,0.569626,0.318421
73401,585,1779,39,0.533785,0.312264
73501,593,1734,39,0.57468,0.340785
73601,564,1695,37,0.593675,0.334833
73701,594,1728,36,0.57172,0.339602
73801,563,1750,40,0.55514,0.312544
73901,584,1775,39,0.528244,0.308494
74001,558,1754,39,0.566885,0.316322
74101,578,1794,38,0.545109,0.315073
74201,544,1731,38,0.583627,0.317493
74301,578,1708,40,0.588574,0.340196
74401,596,1776,38,0.564561,0.336479
74501,576,1763,40,0.576789,0.33223
74601,583,1773,38,0.543511,0.316867
74701,577,1737,40,0.567001,0.32716
74801,550,1710,38,0.531557,0.292356
74901,612,1760,36,0.540292,0.330659
75001,559,1675,37,0.561054,0.313629
75101,598,1767,39,0.577797,0.345523
75201,576,1701,38,0.541114,0.311681
75301,567,1778,37,0.538982,0.305603
75401,554,1695,38,0.604511,0.334899
75501,576,1781,36,0.559212,0.322106
75601,575,1762,38,0.57677,0.331643
75701,606,1786,37,0.572834,0.347138
75801,554,1745,37,0.570162,0.31587
75901,556,1749,38,0.575408,0.319927
76001,575,1693,37,0.536873,0.308702
76101,533,1731,38,0.568143,0.30282
76201,582,1760,39,0.541583,0.315201
76301,552,1679,40,0.560013,0.309127
76401,587,1707,36,0.595075,0.349309
76501,568,1805,37,0.516239,0.293224
76601,549,1719,36,0.551854,0.302968
76701,548,1732,42,0.546402,0.299428
76801,551,1772,39,0.543119,0.299259
76901,608,1793,41,0.55232,0.335811
77001,594,1795,44,0.532059,0.316043
77101,576,1692,46,0.550041,0.316824
77201,579,1719,44,0.526444,0.304811
77301,554,1773,42,0.57399,0.317991
77401,570,1778,42,0.525471,0.299518
77501,576,1718,40,0.567226,0.326722
77601,584,1817,40,0.536789,0.313485
77701,562,1724,41,0.586229,0.329461
77801,573,1800,43,0.546328,0.313046
77901,538,1799,40,0.556339,0.299311
78001,576,1808,40,0.56762,0.326949
78101,553,1748,41,0.55707,0.30806
78201,586,1804,41,0.553414,0.3243
78301,544,1764,41,0.543446,0.295634
78401,563,1705,43,0.58283,0.328133
78501,560,1774,40,0.572536,0.32062
78601,548,1747,45,0.534002,0.292633
78701,603,1748,44,0.555443,0.334932
78801,560,1796,40,0.544197,0.304751
78901,531,1725,44,0.55176,0.292985
79001,551,1726,41,0.540181,0.29764
79101,552,1732,41,0.555764,0.306782
79201,566,1772,41,0.576362,0.326221
79301,574,1773,40,0.578084,0.33182
79401,551,1809,43,0.580326,0.31976
79501,563,1761,41,0.560803,0.315732
79601,558,1780,38,0.544354,0.30375
79701,562,1783,39,0.555094,0.311963
79801,601,1780,38,0.567193,0.340883
79901,579,1764,40,0.564304,0.326732
80001,560,1779,40,0.592593,0.331852
80101,566,1697,42,0.550426,0.311541
80201,557,1708,42,0.563243,0.313726
80301,572,1716,44,0.580862,0.332253
80401,532,1711,42,0.556316,0.29596
80501,562,1791,41,0.571055,0.320933
80601,550,1757,41,0.582524,0.320388
80701,555,1802,40,0.55768,0.309512
80801,568,1715,38,0.581067,0.330046
80901,525,1796,39,0.54661,0.28697
81001,586,1774,41,0.52924,0.310134
81101,561,1800,39,0.534176,0.299673
81201,535,1736,42,0.610905,0.326834
81301,543,1750,43,0.555142,0.301442
81401,554,1766,42,0.548571,0.303909
81501,550,1755,44,0.559566,0.307761
81601,538,1724,38,0.56063,0.301619
81701,555,1757,38,0.572538,0.317759
81801,551,1766,39,0.52299,0.288168
81901,547,1796,39,0.528323,0.288993
82001,551,1739,39,0.579782,0.31946
82101,537,1732,43,0.546159,0.293288
82201,568,1806,40,0.608116,0.34541
82301,552,1791,39,0.539443,0.297772
82401,542,1781,40,0.55821,0.30255
82501,562,1744,43,0.551571,0.309983
82601,564,1748,38,0.583257,0.328957
82701,539,1844,40,0.586983,0.316384
82801,563,1758,41,0.556252,0.31317
82901,549,1736,40,0.587069,0.322301
83001,558,1789,40,0.534186,0.298076
83101,537,1736,42,0.555721,0.298422
83201,544,1774,40,0.559656,0.304453
83301,547,1709,40,0.553847,0.302954
83401,553,1657,41,0.563229,0.311465
83501,569,1801,38,0.547618,0.311595
83601,555,1735,38,0.59183,0.328466
83701,553,1810,39,0.561034,0.310252
83801,552,1737,38,0.561327,0.309852
83901,558,1742,40,0.578525,0.322817
84001,537,1770,41,0.520148,0.279319
84101,525,1759,38,0.553434,0.290553
84201,544,1742,42,0.570293,0.31024
84301,574,1748,42,0.55681,0.319609
84401,568,1755,37,0.560264,0.31823
84501,566,1770,40,0.555977,0.314683
84601,554,1769,39,0.571709,0.316727
84701,543,1774,41,0.547799,0.297455
84801,527,1712,43,0.541312,0.285271
84901,582,1741,44,0.546515,0.318072
85001,553,1779,44,0.536516,0.296693
85101,538,1805,44,0.537924,0.289403
85201,569,1760,42,0.538208,0.30624
85301,586,1808,45,0.536716,0.314516
85401,574,1742,43,0.564103,0.323795
85501,557,1743,43,0.552431,0.307704
85601,568,1737,42,0.55727,0.316529
85701,563,1802,41,0.547055,0.307992
85801,577,1824,43,0.529361,0.305441
85901,564,1803,41,0.548542,0.309378
86001,546,1820,42,0.546646,0.298469
86101,511,1795,43,0.574141,0.293386
86201,559,1761,46,0.565985,0.316386
86301,556,1665,45,0.56971,0.316759
86401,535,1735,43,0.555543,0.297216
86501,587,1775,42,0.535478,0.314325
86601,536,1773,43,0.531733,0.285009
86701,550,1736,42,0.575022,0.316262
86801,585,1752,41,0.536297,0.313734
86901,581,1826,43,0.570889,0.331687
87001,540,1702,43,0.556044,0.300264
87101,549,1766,43,0.522755,0.286992
87201,541,1731,43,0.563586,0.3049
87301,549,1698,42,0.55979,0.307325
87401,545,1738,41,0.554502,0.302203
87501,547,1778,43,0.5233,0.286245
87601,550,1817,43,0.541137,0.297626
87701,529,1815,42,0.54026,0.285797
87801,574,1760,43,0.549545,0.315439
87901,565,1773,42,0.555027,0.31359
88001,558,1819,43,0.560147,0.312562
88101,553,1820,45,0.551006,0.304707
88201,560,1813,43,0.560977,0.314147
88301,535,1753,42,0.551152,0.294866
88401,564,1790,44,0.571676,0.322425
88501,574,1848,47,0.580862,0.333415
88601,552,1821,46,0.540461,0.298334
88701,571,1797,45,0.575978,0.328883
88801,556,1791,44,0.566075,0.314737
88901,555,1803,44,0.57266,0.317826
89001,557,1813,43,0.55548,0.309402
89101,545,1746,43,0.542578,0.295705
89201,581,1761,46,0.579822,0.336876
89301,561,1780,42,0.539132,0.302453
89401,559,1768,47,0.559184,0.312584
89501,558,1836,44,0.554562,0.309446
89601,527,1822,44,0.559705,0.294964
89701,548,1780,45,0.536077,0.29377
89801,532,1822,43,0.583228,0.310277
89901,554,1727,42,0.554397,0.307136
90001,562,1734,43,0.570157,0.320428
90101,563,1811,41,0.56743,0.319463
90201,524,1805,44,0.583762,0.305891
90301,554,1735,41,0.558471,0.309393
90401,564,1763,40,0.554925,0.312978
90501,541,1762,43,0.564838,0.305578
90601,523,1765,43,0.567531,0.296818
90701,534,1700,47,0.526074,0.280923
90801,575,1816,43,0.585243,0.336515
90901,555,1749,43,0.555512,0.308309
91001,545,1820,46,0.578141,0.315087
91101,571,1778,46,0.550341,0.314245
91201,559,1811,48,0.596463,0.333423
91301,551,1856,47,0.535567,0.295098
91401,526,1778,44,0.536888,0.282403
91501,551,1764,46,0.572197,0.31528
91601,595,1794,45,0.574914,0.342074
91701,547,1785,45,0.562592,0.307738
91801,549,1824,45,0.551425,0.302732
91901,555,1828,46,0.537738,0.298444
92001,544,1793,43,0.567194,0.308554
92101,551,1804,44,0.539256,0.29713
92201,572,1816,45,0.559848,0.320233
92301,527,1776,43,0.532668,0.280716
92401,577,1854,43,0.546421,0.315285
92501,583,1725,43,0.565601,0.329746
92601,549,1784,44,0.582825,0.319971
92701,543,1795,45,0.540293,0.293379
92801,522,1803,44,0.602519,0.314515
92901,547,1834,49,0.55562,0.303924
93001,558,1731,43,0.556493,0.310523
93101,577,1799,45,0.529095,0.305288
93201,563,1882,43,0.547065,0.307997
93301,549,1793,45,0.546892,0.300244
93401,529,1767,42,0.539112,0.28519
93501,529,1744,43,0.570592,0.301843
93601,553,1799,42,0.56485,0.312362
93701,540,1775,46,0.564371,0.30476
93801,540,1812,45,0.544166,0.293849
93901,552,1842,45,0.535427,0.295555
94001,580,1864,47,0.548195,0.317953
94101,537,1812,45,0.570979,0.306616
94201,536,1783,47,0.536473,0.28755
94301,520,1779,48,0.578118,0.300622
94401,559,1817,48,0.530743,0.296686
94501,547,1811,47,0.559329,0.305953
94601,559,1819,48,0.548332,0.306518
94701,537,1850,47,0.514797,0.276446
94801,506,1760,48,0.561488,0.284113
94901,548,1850,49,0.566119,0.310233
95001,525,1844,45,0.539212,0.283086
95101,553,1865,45,0.54606,0.301971
95201,533,1801,46,0.558302,0.297575
95301,529,1743,46,0.552275,0.292154
95401,551,1786,48,0.55574,0.306213
95501,527,1849,48,0.532863,0.280819
95601,543,1793,49,0.55946,0.303787
95701,551,1898,52,0.552744,0.304562
95801,544,1820,52,0.563446,0.306515
95901,538,1814,46,0.563901,0.303379
96001,517,1892,46,0.535055,0.276624
96101,550,1846,46,0.56563,0.311096
96201,521,1812,47,0.548443,0.285739
96301,524,1859,47,0.576686,0.302184
96401,556,1847,48,0.552674,0.307287
96501,557,1832,47,0.573935,0.319682
96601,534,1752,45,0.554234,0.295961
96701,562,1762,45,0.578407,0.325064
96801,560,1866,49,0.531651,0.297724
96901,569,1815,46,0.564505,0.321203
97001,562,1877,46,0.545085,0.306338
97101,568,1855,48,0.566921,0.322011
97201,548,1823,46,0.596332,0.32679
97301,550,1802,49,0.560338,0.308186
97401,522,1780,47,0.529556,0.276428
97501,525,1755,44,0.568153,0.29828
97601,579,1853,47,0.545226,0.315686
97701,550,1818,47,0.575299,0.316414
97801,569,1788,52,0.549177,0.312482
97901,545,1862,44,0.540944,0.294815
98001,533,1824,46,0.546203,0.291126
98101,568,1790,45,0.590403,0.335349
98201,535,1746,45,0.562337,0.300851
98301,525,1810,48,0.582518,0.305822
98401,552,1812,43,0.58641,0.323698
98501,559,1873,44,0.519008,0.290125
98601,523,1843,46,0.574398,0.30041
98701,536,1837,46,0.522609,0.280119
98801,536,1837,46,0.584289,0.313179
98901,532,1801,45,0.546857,0.290928
99001,565,1825,47,0.559444,0.316086
99101,555,1855,50,0.551023,0.305818
99201,577,1844,48,0.530951,0.306359
99301,542,1835,49,0.554315,0.300439
99401,513,1836,51,0.553223,0.283803
99501,519,1770,50,0.527706,0.273879
99601,535,1840,52,0.571094,0.305535
99701,524,1794,49,0.530569,0.278018
99801,588,1847,51,0.544726,0.320299
99901,552,1926,54,0.601718,0.332149
100001,566,1870,49,0.559239,0.316529
100101,521,1834,49,0.550891,0.287014
100201,559,1813,48,0.555505,0.310527
100301,532,1825,51,0.550301,0.29276
100401,543,1803,47,0.545427,0.296167
100501,528,1850,48,0.570469,0.301207
100601,527,1874,45,0.547748,0.288663
100701,540,1810,48,0.551745,0.297942
100801,514,1797,47,0.586711,0.301569
100901,521,1832,50,0.583684,0.304099
101001,490,1799,47,0.571405,0.279989
101101,536,1823,46,0.537673,0.288192
101201,530,1873,49,0.575539,0.305035
101301,528,1847,49,0.546467,0.288535
101401,545,1882,48,0.559321,0.30483
101501,516,1838,50,0.567912,0.293042
101601,537,1813,52,0.572588,0.30748
101701,540,1825,49,0.562514,0.303758
101801,547,1778,48,0.57401,0.313983
101901,535,1849,48,0.565549,0.302569
102001,559,1853,47,0.555879,0.310736
102101,539,1831,49,0.594135,0.320239
102201,553,1857,51,0.542323,0.299904
102301,531,1879,47,0.541304,0.287433
102401,525,1839,48,0.5388,0.28287
102501,543,1861,51,0.551474,0.29945
102601,545,1793,50,0.546452,0.297816
102701,529,1834,48,0.560884,0.296708
102801,558,1827,51,0.546971,0.30521
102901,527,1836,48,0.56746,0.299051
103001,585,1888,49,0.532967,0.311786
103101,534,1808,48,0.575059,0.307081
103201,525,1848,48,0.574331,0.301524
103301,512,1818,50,0.565125,0.289344
103401,526,1820,49,0.554739,0.291793
103501,543,1800,50,0.579502,0.31467
103601,532,1831,47,0.559198,0.297493
103701,543,1782,47,0.549158,0.298193
103801,532,1830,49,0.599161,0.318754
103901,533,1872,50,0.551687,0.294049
104001,521,1858,51,0.590645,0.307726
104101,510,1817,49,0.577158,0.294351
104201,549,1835,49,0.575945,0.316194
104301,571,1899,51,0.561939,0.320867
104401,562,1869,46,0.558254,0.313739
104501,585,1852,49,0.540939,0.316449
104601,539,1853,47,0.516173,0.278217
104701,540,1828,46,0.566291,0.305797
104801,537,1839,49,0.597081,0.320633
104901,519,1827,46,0.55554,0.288325
105001,497,1826,47,0.539582,0.268172
105101,531,1871,46,0.556017,0.295245
105201,554,1828,48,0.558548,0.309435
105301,507,1787,45,0.542081,0.274835
105401,526,1860,52,0.546313,0.28736
105501,517,1816,48,0.54275,0.280602
105601,541,1820,50,0.545026,0.294859
105701,570,1849,49,0.537826,0.306561
105801,536,1876,51,0.568631,0.304786
105901,516,1794,49,0.593916,0.306461
106001,512,1826,48,0.565497,0.289534
106101,563,1879,49,0.552631,0.311131
106201,561,1838,47,0.567891,0.318587
106301,529,1861,52,0.569405,0.301215
106401,545,1797,55,0.577412,0.31469
106501,563,1844,49,0.543764,0.306139
106601,530,1803,51,0.544134,0.288391
106701,551,1802,48,0.555679,0.306179
106801,525,1857,48,0.547611,0.287496
106901,521,1815,49,0.60914,0.317362
107001,505,1762,48,0.571417,0.288566
107101,527,1822,49,0.568967,0.299845
107201,528,1844,47,0.548885,0.289811
107301,525,1855,48,0.559868,0.293931
107401,539,1835,48,0.56442,0.304222
107501,489,1838,47,0.525242,0.256843
107601,532,1869,50,0.543355,0.289065
107701,557,1845,53,0.559591,0.311692
107801,528,1753,46,0.561231,0.29633
107901,515,1851,49,0.558297,0.287523
108001,532,1855,49,0.55996,0.297899
108101,530,1910,49,0.554469,0.293869
108201,530,1838,52,0.526711,0.279157
108301,521,1824,50,0.563971,0.293829
108401,540,1789,48,0.573025,0.309434
108501,539,1837,50,0.562803,0.303351
108601,560,1818,49,0.555188,0.310905
108701,488,1849,48,0.570267,0.278291
108801,522,1954,48,0.552286,0.288293
108901,504,1854,48,0.531559,0.267906
109001,512,1907,48,0.543761,0.278406
109101,531,1953,49,0.546588,0.290238
109201,523,1872,51,0.579779,0.303224
109301,507,1907,52,0.550149,0.278926
109401,519,1904,51,0.551626,0.286294
109501,532,1894,52,0.574312,0.305534
109601,541,1953,53,0.538833,0.291509
109701,532,1800,51,0.569547,0.302999
109801,569,1870,50,0.593481,0.337691
109901,517,1807,49,0.588577,0.304294
110001,502,1891,51,0.548637,0.275416
110101,519,1890,49,0.544232,0.282456
110201,529,1810,49,0.569524,0.301278
110301,520,1863,51,0.567798,0.295255
110401,520,1841,51,0.552143,0.287114
110501,473,1853,49,0.546264,0.258383
110601,522,1909,51,0.548422,0.286276
110701,556,1913,49,0.57012,0.316987
110801,526,1939,52,0.578752,0.304423
110901,531,1876,53,0.597421,0.317231
111001,511,1835,51,0.555263,0.28374
111101,543,1872,52,0.545484,0.296198
111201,529,1840,51,0.57709,0.305281
111301,521,1856,52,0.567141,0.29548
111401,517,1873,53,0.559552,0.289288
111501,519,1878,53,0.571171,0.296438
111601,535,1848,55,0.57557,0.30793
111701,556,1812,53,0.570176,0.317018
111801,530,1839,50,0.553739,0.293482
111901,507,1880,50,0.541586,0.274584
112001,566,1889,50,0.560519,0.317254
112101,535,1935,50,0.5885,0.314847
112201,539,1838,49,0.533443,0.287526
112301,529,1817,53,0.550031,0.290966
112401,542,1870,48,0.563647,0.305497
112501,509,1851,48,0.553658,0.281812
112601,544,1862,55,0.54213,0.294919
112701,548,1877,53,0.586251,0.321265
112801,556,1924,52,0.549513,0.305529
112901,512,1870,48,0.540533,0.276753
113001,504,1924,51,0.526,0.265104
113101,491,1855,49,0.579861,0.284712
113201,523,1800,49,0.549193,0.287228
113301,524,1844,48,0.56382,0.295442
113401,539,1854,47,0.554149,0.298686
113501,517,1851,50,0.557617,0.288288
113601,532,1889,48,0.597274,0.31775
113701,529,1877,50,0.550727,0.291334
113801,534,1935,52,0.56751,0.303051
113901,529,1874,52,0.568124,0.300537
114001,529,1854,53,0.545552,0.288597
114101,498,1886,52,0.536505,0.26718
114201,530,1890,50,0.56635,0.300166
114301,532,1887,48,0.568259,0.302314
114401,495,1869,50,0.585364,0.289755
114501,528,1879,48,0.578468,0.305431
114601,507,1898,49,0.571618,0.28981
114701,504,1847,49,0.522151,0.263164
114801,531,1871,48,0.551908,0.293063
114901,525,1835,49,0.543757,0.285472
115001,514,1861,47,0.526201,0.270468
115101,525,1886,49,0.597532,0.313704
115201,523,1879,50,0.567492,0.296798
115301,520,1874,50,0.587836,0.305675
115401,523,1911,51,0.555374,0.290461
115501,508,1880,51,0.553553,0.281205
115601,493,1866,54,0.579525,0.285706
115701,506,1919,52,0.555291,0.280977
115801,529,1881,52,0.560041,0.296262
115901,485,1835,48,0.553989,0.268685
116001,498,1844,48,0.5469,0.272356
116101,491,1852,50,0.561264,0.275581
116201,501,1841,51,0.578496,0.289827
116301,518,1860,52,0.570261,0.295395
116401,509,1893,52,0.566091,0.28814
116501,497,1813,50,0.553782,0.27523
116601,514,1827,54,0.564279,0.29004
116701,537,1957,53,0.566973,0.304465
116801,533,1897,50,0.53567,0.285512
116901,521,1859,48,0.574749,0.299444
117001,504,1892,49,0.551785,0.278099
117101,556,1878,49,0.589809,0.327934
117201,504,1879,49,0.567298,0.285918
117301,506,1874,48,0.554403,0.280528
117401,478,1850,47,0.548149,0.262015
117501,505,1925,50,0.548788,0.277138
117601,516,1927,55,0.57425,0.296313
117701,499,1843,49,0.532263,0.265599
117801,485,1869,50,0.575173,0.278959
117901,507,1908,48,0.558454,0.283136
118001,485,1858,51,0.551393,0.267425
118101,519,1871,49,0.554732,0.287906
118201,502,1851,50,0.549367,0.275782
118301,521,1926,49,0.552115,0.287652
118401,513,1868,51,0.56526,0.289978
118501,531,1888,55,0.563328,0.299127
118601,517,1880,50,0.564696,0.291948
118701,487,1866,49,0.54284,0.264363
118801,522,1947,51,0.547204,0.285641
118901,492,1944,50,0.55656,0.273828
119001,480,1877,52,0.558108,0.267892
119101,502,1846,51,0.569524,0.285901
119201,504,1881,54,0.556563,0.280508
119301,487,1886,49,0.593126,0.288852
119401,510,1862,53,0.562967,0.287113
119501,504,1904,49,0.590734,0.29773
119601,518,1934,49,0.571704,0.296143
119701,499,1921,53,0.574725,0.286788
119801,518,1874,52,0.570954,0.295754
119901,513,1960,57,0.53011,0.271947
120001,539,1882,52,0.560553,0.302138
120101,511,1893,52,0.560469,0.2864
120201,524,1902,53,0.573015,0.30026
120301,537,1873,54,0.559681,0.300548
120401,467,1840,53,0.577327,0.269612
120501,508,1844,53,0.564797,0.286917
120601,514,1848,53,0.554057,0.284785
120701,518,1889,51,0.543063,0.281306
120801,509,1878,53,0.581497,0.295982
120901,509,1882,51,0.548423,0.279147
121001,531,1925,52,0.540193,0.286843
121101,504,1886,49,0.560167,0.282324
121201,518,1951,49,0.57376,0.297208
121301,525,1871,50,0.544542,0.285885
121401,508,1882,50,0.583243,0.296287
121501,484,1867,53,0.570534,0.276138
121601,491,1914,49,0.607868,0.298463
121701,487,1909,50,0.571145,0.278148
121801,511,1884,54,0.567635,0.290062
121901,525,1892,53,0.556368,0.292093
122001,518,1865,51,0.558212,0.289154
122101,506,1826,51,0.528713,0.267529
122201,489,1899,52,0.548164,0.268052
122301,487,1852,53,0.572446,0.278781
122401,521,1896,53,0.527501,0.274828
122501,483,1866,52,0.554521,0.267834
122601,537,1920,51,0.552478,0.296681
122701,522,1909,52,0.52979,0.27655
122801,499,1897,51,0.57328,0.286067
122901,484,1919,53,0.550138,0.266267
123001,481,1831,52,0.5812,0.279557
123101,481,1872,52,0.573483,0.275845
123201,506,1941,52,0.571531,0.289194
123301,486,1937,51,0.54966,0.267135
123401,495,1899,52,0.584047,0.289103
123501,496,1860,50,0.58403,0.289679
123601,478,1888,48,0.550556,0.263166
123701,463,1924,53,0.576834,0.267074
123801,487,1826,50,0.573863,0.279471
123901,501,1925,49,0.538918,0.269998
124001,502,1903,52,0.597389,0.299889
124101,491,1927,49,0.549173,0.269644
124201,510,1922,52,0.536113,0.273417
124301,502,1886,50,0.560081,0.281161
124401,541,1921,50,0.531733,0.287668
124501,510,1861,50,0.545239,0.278072
124601,492,1882,50,0.575029,0.282915
124701,503,1915,52,0.553053,0.278186
124801,518,1898,56,0.573656,0.297154
124901,506,1900,52,0.575216,0.291059
125001,485,1863,51,0.551003,0.267236
125101,493,1888,50,0.55068,0.271485
125201,511,1901,54,0.546073,0.279043
125301,499,1876,53,0.564438,0.281654
125401,534,1928,53,0.573961,0.306495
125501,474,1908,55,0.532129,0.252229
125601,494,1886,54,0.546801,0.27012
125701,522,1886,58,0.559311,0.29196
125801,480,1882,54,0.565839,0.271602
125901,459,1819,53,0.559678,0.256892
126001,513,1894,59,0.592152,0.303774
126101,496,1964,55,0.537414,0.266557
126201,518,1921,55,0.539624,0.279525
126301,483,1923,53,0.52856,0.255295
126401,502,1915,54,0.548358,0.275276
126501,492,1882,53,0.560051,0.275545
126601,515,1903,54,0.58732,0.30247
126701,508,1897,54,0.545337,0.277031
126801,509,1943,55,0.555644,0.282823
126901,473,1852,57,0.566461,0.267936
127001,488,1887,59,0.568483,0.27742
127101,528,1918,55,0.550275,0.290545
127201,512,1875,58,0.553902,0.283598
127301,508,1943,58,0.548468,0.278622
127401,482,1919,61,0.560903,0.270355
127501,499,1929,55,0.563714,0.281293
127601,487,1918,55,0.508651,0.247713
127701,524,1868,55,0.573538,0.300534
127801,526,1927,54,0.555602,0.292247
127901,481,1927,57,0.532959,0.256353
128001,482,1937,60,0.523662,0.252405
128101,529,1911,55,0.594364,0.314419
128201,510,1907,55,0.55943,0.285309
128301,488,1898,58,0.558877,0.272732
128401,489,1871,55,0.547379,0.267669
128501,487,1927,54,0.556376,0.270955
128601,506,1938,57,0.553003,0.27982
128701,507,1950,56,0.516743,0.261988
128801,474,1880,54,0.552582,0.261924
128901,476,1894,55,0.573205,0.272845
129001,494,1869,55,0.561037,0.277152
129101,486,1877,54,0.537613,0.26128
129201,518,1920,54,0.555915,0.287964
129301,492,1851,53,0.569642,0.280264
129401,468,1885,54,0.562675,0.263332
129501,480,1860,53,0.537445,0.257973
129601,504,1971,54,0.520484,0.262324
129701,513,1914,52,0.570551,0.292693
129801,466,1838,58,0.540052,0.251664
129901,497,1917,54,0.554247,0.275461
130001,511,1923,52,0.550015,0.281058
130101,486,1891,53,0.569146,0.276605
130201,473,1930,53,0.531066,0.251194
130301,490,1927,52,0.533455,0.261393
130401,487,1931,56,0.571698,0.278417
130501,473,1892,53,0.543268,0.256966
130601,470,1899,53,0.579723,0.27247
130701,475,1872,54,0.573755,0.272534
130801,484,1878,53,0.554246,0.268255
130901,479,1938,56,0.524254,0.251118
131001,485,1905,58,0.574592,0.278677
131101,505,1952,55,0.559711,0.282654
131201,493,1950,56,0.553102,0.272679
131301,482,1891,57,0.56288,0.271308
131401,493,1933,55,0.53877,0.265614
131501,501,1949,60,0.559744,0.280432
131601,518,1945,60,0.567297,0.29386
131701,491,1901,58,0.534372,0.262377
131801,520,2006,58,0.595207,0.309508
131901,497,1867,56,0.581673,0.289092
132001,491,1911,58,0.568794,0.279278
132101,508,1886,60,0.578217,0.293734
132201,478,1921,57,0.582726,0.278543
132301,503,1954,58,0.5777,0.290583
132401,447,1894,59,0.567209,0.253542
132501,502,1903,58,0.528206,0.265159
132601,476,1950,59,0.539311,0.256712
132701,508,1968,58,0.601917,0.305774
132801,506,1948,57,0.597158,0.302162
132901,509,1937,59,0.515291,0.262283
133001,492,1914,58,0.568555,0.279729
133101,494,1869,55,0.571263,0.282204
133201,477,1927,57,0.55747,0.265913
133301,482,1986,56,0.551506,0.265826
133401,472,1894,57,0.522984,0.246849
133501,476,1882,59,0.582763,0.277395
133601,474,1893,56,0.563332,0.267019
133701,495,1935,56,0.564514,0.279434
133801,471,1922,56,0.548294,0.258247
133901,501,1940,58,0.534296,0.267682
134001,488,1918,60,0.54124,0.264125
134101,483,1922,60,0.589209,0.284588
134201,493,1914,60,0.533072,0.262805
134301,493,1896,61,0.55363,0.27294
134401,463,1891,59,0.538388,0.249274
134501,495,1943,59,0.546823,0.270678
134601,511,1927,61,0.531396,0.271543
134701,485,1908,57,0.539754,0.261781
134801,489,1929,57,0.565871,0.276711
134901,456,1889,62,0.544919,0.248483
135001,505,1950,58,0.550269,0.277886
135101,468,1976,59,0.538769,0.252144
135201,488,2011,59,0.52534,0.256366
135301,501,1982,60,0.558221,0.279669
135401,441,1900,60,0.572358,0.25241
135501,503,1960,63,0.554386,0.278856
135601,481,1917,58,0.603922,0.290487
135701,476,1956,58,0.549199,0.261419
135801,480,1877,62,0.574974,0.275988
135901,467,1919,65,0.560648,0.261822
136001,459,1958,62,0.569763,0.261521
136101,467,1907,59,0.541712,0.25298
136201,497,1995,61,0.565657,0.281132
136301,500,1936,60,0.582106,0.291053
136401,500,1901,60,0.559663,0.279832
136501,484,1913,59,0.588033,0.284608
136601,470,1902,61,0.562898,0.264562
136701,469,1972,61,0.576749,0.270495
136801,489,2011,59,0.536928,0.262558
136901,465,1907,61,0.563105,0.261844
137001,480,1893,60,0.546376,0.26226
137101,475,1917,59,0.538351,0.255717
137201,491,1936,60,0.534427,0.262404
137301,466,1908,61,0.604087,0.281505
137401,491,1956,61,0.559298,0.274615
137501,476,1950,61,0.552185,0.26284
137601,464,1894,60,0.554388,0.257236
137701,478,1942,61,0.531585,0.254098
137801,449,1920,61,0.547453,0.245806
137901,465,1898,61,0.548642,0.255119
138001,479,1942,59,0.565109,0.270687
138101,465,1934,61,0.547696,0.254679
138201,480,1945,60,0.588203,0.282338
138301,473,1970,61,0.568209,0.268763
138401,450,1925,61,0.548169,0.246676
138501,472,1902,60,0.554211,0.261588
138601,477,1907,60,0.567776,0.270829
138701,479,1883,63,0.57883,0.27726
138801,460,1883,63,0.542543,0.24957
138901,458,1933,65,0.556777,0.255004
139001,469,1953,64,0.55536,0.260464
139101,479,1936,61,0.570674,0.273353
139201,481,2005,60,0.539619,0.259557
139301,493,1982,60,0.557352,0.274774
139401,489,1938,60,0.539543,0.263837
139501,482,1968,60,0.547037,0.263672
139601,475,1919,61,0.583913,0.277359
139701,459,1923,60,0.542634,0.249069
139801,471,1955,58,0.569434,0.268203
139901,469,1956,59,0.550978,0.258409
140001,463,1953,59,0.543855,0.251805
140101,477,1897,60,0.56783,0.270855
140201,460,1906,61,0.56683,0.260742
140301,483,1989,60,0.574792,0.277625
140401,433,1970,62,0.550918,0.238547
140501,495,1891,62,0.58296,0.288565
140601,501,1964,61,0.58961,0.295395
140701,462,1896,63,0.60325,0.278701
140801,465,1936,66,0.547095,0.254399
140901,485,1894,61,0.566882,0.274938
141001,513,1971,61,0.520332,0.26693
141101,459,1989,64,0.579752,0.266106
141201,461,1934,63,0.560491,0.258386
141301,468,1916,62,0.595533,0.278709
141401,449,1962,60,0.545151,0.244773
141501,481,1931,60,0.583688,0.280754
141601,478,1911,63,0.585552,0.279894
141701,445,1906,61,0.550509,0.244977
141801,480,1901,63,0.551972,0.264947
141901,450,1951,63,0.54394,0.244773
142001,473,1942,64,0.551966,0.26108
142101,464,1923,65,0.575548,0.267054
142201,463,1969,63,0.551243,0.255225
142301,488,1974,63,0.544448,0.265691
142401,477,1920,65,0.558269,0.266294
142501,503,1971,62,0.572492,0.287963
142601,487,1926,63,0.553472,0.269541
142701,443,1962,66,0.57492,0.25469
142801,483,1964,62,0.538955,0.260315
142901,484,1934,61,0.551127,0.266746
143001,458,1938,61,0.541475,0.247995
143101,471,1918,61,0.557584,0.262622
143201,463,1987,61,0.564829,0.261516
143301,477,1950,60,0.568422,0.271137
143401,477,1988,61,0.558985,0.266636
143501,451,1951,60,0.531768,0.239828
143601,470,1951,61,0.588497,0.276594
143701,495,1937,63,0.58879,0.291451
143801,450,1960,61,0.54842,0.246789
143901,467,1896,65,0.582056,0.27182
144001,484,1969,62,0.558683,0.270403
144101,457,1923,64,0.568333,0.259728
144201,452,1881,60,0.547319,0.247388
144301,453,1958,63,0.545956,0.247318
144401,477,1932,65,0.543644,0.259318
144501,430,1885,63,0.542803,0.233405
144601,455,1980,62,0.546333,0.248581
144701,457,1919,64,0.574801,0.262684
144801,447,1936,62,0.582108,0.260202
144901,469,1947,61,0.551046,0.258441
145001,443,1927,64,0.575567,0.254976
145101,468,1947,63,0.525667,0.246012
145201,464,1942,64,0.531784,0.246748
145301,438,1903,61,0.554723,0.242969
145401,457,1932,65,0.552685,0.252577
145501,470,1889,65,0.525716,0.247086
145601,457,1958,64,0.556316,0.254236
145701,447,1964,62,0.528199,0.236105
145801,432,1946,65,0.533871,0.230632
145901,462,1893,62,0.581065,0.268452
146001,478,1882,64,0.576373,0.275506
146101,481,1969,63,0.538279,0.258912
146201,452,2000,64,0.586832,0.265248
146301,454,1968,66,0.546643,0.248176
146401,481,1974,63,0.562757,0.270686
146501,450,2004,67,0.552603,0.248671
146601,464,1997,62,0.553961,0.257038
146701,477,1976,63,0.551934,0.263273
146801,500,2015,63,0.552536,0.276268
146901,452,1946,67,0.571179,0.258173
147001,510,1961,64,0.565088,0.288195
147101,496,2038,66,0.532525,0.264132
147201,463,2035,66,0.523339,0.242306
147301,442,1955,66,0.566702,0.250482
147401,438,1941,65,0.533378,0.23362
147501,460,1989,65,0.526446,0.242165
147601,495,2016,65,0.608881,0.301396
147701,479,1984,63,0.592294,0.283709
147801,464,1995,63,0.545693,0.253202
147901,442,1957,65,0.547185,0.241856
148001,430,1897,63,0.57881,0.248888
148101,461,2003,64,0.552865,0.254871
148201,457,2000,63,0.532076,0.243159
148301,481,2022,64,0.556203,0.267534
148401,447,1973,63,0.518492,0.231766
148501,407,1954,64,0.576721,0.234725
148601,453,1947,63,0.5354,0.242536
148701,429,1994,65,0.544899,0.233762
148801,455,1985,66,0.532691,0.242374
148901,456,1982,64,0.560641,0.255652
149001,457,1970,66,0.600093,0.274242
149101,481,2011,65,0.576435,0.277265
149201,469,1983,67,0.568678,0.26671
149301,439,1980,63,0.572413,0.251289
149401,470,1944,67,0.578508,0.271899
149501,462,1952,64,0.534697,0.24703
149601,467,1933,66,0.542054,0.253139
149701,478,1985,66,0.587916,0.281024
149801,455,1954,65,0.568726,0.25877
149901,489,1990,64,0.600882,0.293831
150001,475,2057,64,0.559497,0.265761
150101,447,1930,65,0.586185,0.262025
150201,434,2005,66,0.539611,0.234191
150301,476,1967,65,0.580592,0.276362
150401,457,1962,64,0.541281,0.247366
150501,469,1972,65,0.577362,0.270783
150601,444,2051,64,0.559651,0.248485
150701,464,1987,65,0.546422,0.25354
150801,489,2005,62,0.552139,0.269996
150901,463,2005,65,0.564358,0.261298
151001,457,2027,62,0.533436,0.24378
151101,460,2012,65,0.572072,0.263153
151201,451,1978,66,0.547862,0.247086
151301,462,1960,64,0.562955,0.260085
151401,463,2030,66,0.568644,0.263282
151501,437,1933,64,0.566151,0.247408
151601,458,2002,63,0.574608,0.263171
151701,469,2045,63,0.589181,0.276326
151801,488,1997,63,0.585055,0.285507
151901,459,2008,64,0.549324,0.25214
152001,447,1961,67,0.54745,0.24471
152101,435,1980,63,0.584098,0.254082
152201,453,2030,64,0.568712,0.257626
152301,436,1951,65,0.552568,0.24092
152401,451,2007,64,0.602815,0.27187
152501,481,2048,63,0.558034,0.268414
152601,462,2007,64,0.568689,0.262734
152701,484,2024,64,0.55468,0.268465
152801,453,1930,64,0.533512,0.241681
152901,444,1932,64,0.549186,0.243838
153001,448,1976,68,0.529817,0.237358
153101,466,2041,67,0.520471,0.24254
153201,464,2016,67,0.579081,0.268694
153301,438,2006,66,0.567281,0.248469
153401,458,1968,66,0.552184,0.2529
153501,444,1956,68,0.573064,0.254441
153601,450,2045,65,0.545072,0.245282
153701,479,2014,65,0.565556,0.270901
153801,458,1975,66,0.566231,0.259334
153901,432,2031,66,0.551818,0.238385
154001,461,1962,65,0.56571,0.260792
154101,449,1976,64,0.568485,0.25525
154201,472,1982,65,0.59056,0.278744
154301,443,1981,64,0.569389,0.252239
154401,464,1974,66,0.577646,0.268028
154501,429,1969,63,0.57287,0.245761
154601,424,1988,63,0.57375,0.24327
154701,453,2008,67,0.542506,0.245755
154801,429,2002,65,0.502338,0.215503
154901,441,1965,66,0.580503,0.256002
155001,442,2032,66,0.570979,0.252373
155101,451,1957,67,0.577853,0.260612
155201,466,1953,70,0.589641,0.274773
155301,441,1995,66,0.537509,0.237041
155401,420,1945,67,0.556528,0.233742
155501,426,1945,68,0.536771,0.228664
155601,435,1989,66,0.565738,0.246096
155701,449,1976,68,0.54924,0.246609
155801,443,1983,66,0.569013,0.252073
155901,446,2001,65,0.52039,0.232094
156001,461,1985,67,0.551277,0.254139
156101,438,1958,69,0.554732,0.242973
156201,462,2029,66,0.587066,0.271225
156301,429,2008,66,0.575897,0.24706
156401,429,1987,65,0.571535,0.245188
156501,416,2009,67,0.52881,0.219985
156601,402,1954,66,0.562349,0.226064
156701,450,2041,67,0.577728,0.259977
156801,408,2043,64,0.516644,0.210791
156901,443,2043,65,0.5693,0.2522
157001,437,2007,67,0.594431,0.259767
157101,436,1969,69,0.589514,0.257028
157201,446,2019,66,0.552996,0.246636
157301,430,1959,66,0.542654,0.233341
157401,435,1929,65,0.588319,0.255919
157501,444,1966,67,0.558397,0.247928
157601,446,1922,69,0.537949,0.239925
157701,477,2008,69,0.565725,0.269851
157801,409,1987,68,0.565036,0.2311
157901,455,2001,69,0.554591,0.252339
158001,451,1956,66,0.544126,0.245401
158101,444,1979,67,0.565604,0.251128
158201,445,1979,66,0.586734,0.261097
158301,430,1963,65,0.524418,0.2255
158401,440,2023,65,0.54252,0.238709
158501,422,1945,67,0.562608,0.23742
158601,412,1959,67,0.571448,0.235437
158701,407,1965,66,0.550805,0.224178
158801,450,2047,67,0.520177,0.23408
158901,400,2019,67,0.521179,0.208472
159001,431,2032,67,0.560963,0.241775
159101,443,2022,68,0.55608,0.246344
159201,404,1993,65,0.540495,0.21836
159301,448,2004,68,0.532841,0.238713
159401,425,1952,65,0.552399,0.23477
159501,430,1985,66,0.541886,0.233011
159601,436,2080,65,0.535334,0.233406
159701,425,1986,67,0.54389,0.231153
159801,429,1970,73,0.552689,0.237104
159901,390,1952,70,0.586387,0.228691
160001,426,1983,68,0.578087,0.246265
160101,418,1910,70,0.553516,0.23137
160201,410,1967,68,0.562862,0.230773
160301,418,2000,67,0.577903,0.241564
160401,442,2011,68,0.547332,0.241921
160501,403,1955,67,0.571989,0.230511
160601,444,1995,66,0.554941,0.246394
160701,416,1970,68,0.550444,0.228985
160801,451,1972,68,0.581749,0.262369
160901,424,1977,68,0.53814,0.228172
161001,450,1962,67,0.549286,0.247179
161101,447,1958,67,0.58408,0.261084
161201,442,2021,68,0.548355,0.242373
161301,431,2005,69,0.570034,0.245685
161401,415,1962,69,0.577912,0.239834
161501,419,1982,71,0.538968,0.225827
161601,436,2025,71,0.566703,0.247083
161701,434,2032,69,0.563676,0.244635
161801,422,1939,68,0.51792,0.218562
161901,389,1963,68,0.556865,0.216621
162001,414,1954,71,0.591399,0.244839
162101,404,1921,68,0.575589,0.232538
162201,400,1988,70,0.600809,0.240324
162301,442,1974,71,0.548275,0.242338
162401,447,2005,68,0.582116,0.260206
162501,400,1987,68,0.584292,0.233717
162601,430,2005,68,0.515336,0.221594
162701,446,1985,67,0.555796,0.247885
162801,435,1971,69,0.556808,0.242211
162901,439,2005,69,0.581149,0.255124
163001,456,1997,66,0.53512,0.244015
163101,405,1979,67,0.53694,0.217461
163201,432,2003,71,0.603535,0.260727
163301,423,2075,68,0.542595,0.229518
163401,430,1994,67,0.539033,0.231784
163501,434,1962,68,0.543131,0.235719
163601,444,1987,67,0.574567,0.255108
163701,438,1945,67,0.570568,0.249909
163801,443,1965,69,0.543475,0.240759
163901,439,2029,68,0.548501,0.240792
164001,406,2030,70,0.571787,0.232145
164101,435,2004,68,0.5791,0.251908
164201,410,1992,68,0.543273,0.222742
164301,420,2013,70,0.543827,0.228407
164401,412,1961,73,0.530817,0.218697
164501,418,1934,71,0.571487,0.238882
164601,433,2039,72,0.573028,0.248121
164701,431,2006,72,0.587058,0.253022
164801,417,2001,71,0.574156,0.239423
164901,422,2052,70,0.554715,0.23409
165001,411,1996,72,0.558644,0.229603
165101,421,2041,71,0.548196,0.23079
165201,421,2045,72,0.543349,0.22875
165301,451,2026,70,0.537869,0.242579
165401,418,2059,73,0.546794,0.22856
165501,419,2027,72,0.564786,0.236645
165601,390,1999,68,0.576877,0.224982
165701,436,2030,69,0.585724,0.255376
165801,426,2012,70,0.574838,0.244881
165901,419,2046,69,0.533255,0.223434
166001,427,1996,69,0.563592,0.240654
166101,423,2030,71,0.580942,0.245739
166201,450,2036,69,0.563258,0.253466
166301,417,2021,71,0.570667,0.237968
166401,434,2011,68,0.570539,0.247614
166501,436,1987,70,0.590255,0.257351
166601,431,1976,72,0.596903,0.257265
166701,442,1991,69,0.587318,0.259595
166801,390,1965,70,0.548999,0.214109
166901,409,1947,70,0.524277,0.214429
167001,469,2083,71,0.531716,0.249375
167101,443,1998,69,0.561178,0.248602
167201,414,2053,71,0.529278,0.219121
167301,428,1975,73,0.545085,0.233296
167401,429,2068,72,0.528951,0.22692
167501,414,1967,74,0.566043,0.234342
167601,423,1977,72,0.598344,0.253099
167701,401,1985,74,0.538627,0.21599
167801,408,2045,73,0.583729,0.238162
167901,449,2018,74,0.572727,0.257155
168001,441,2010,74,0.565008,0.249168
168101,417,2066,77,0.546823,0.228025
168201,397,2044,77,0.558866,0.22187
168301,410,2034,73,0.569568,0.233523
168401,439,2017,75,0.588257,0.258245
168501,455,2017,72,0.572577,0.260523
168601,412,2050,73,0.564427,0.232544
168701,405,2014,73,0.553097,0.224004
168801,399,2046,74,0.551478,0.22004
168901,414,1974,74,0.560601,0.232089
169001,409,2043,71,0.546805,0.223643
169101,438,2065,72,0.528625,0.231538
169201,393,1982,70,0.514325,0.20213
169301,414,2014,72,0.605985,0.250878
169401,404,1985,71,0.570668,0.23055
169501,407,1988,71,0.542162,0.22066
169601,393,1969,70,0.547708,0.215249
169701,418,1992,72,0.540703,0.226014
169801,429,2022,71,0.538366,0.230959
169901,425,1991,70,0.537827,0.228576
170001,428,1977,70,0.566653,0.242527
170101,428,1959,70,0.594673,0.25452
170201,414,2022,71,0.557813,0.230935
170301,428,1994,71,0.551698,0.236127
170401,387,2037,69,0.523615,0.202639
170501,409,2010,71,0.563791,0.230591
170601,399,2011,70,0.547166,0.218319
170701,446,2015,69,0.612786,0.273302
170801,421,2066,70,0.535306,0.225364
170901,414,2003,69,0.551173,0.228186
171001,403,2050,74,0.540858,0.217966
171101,400,2040,70,0.527889,0.211156
171201,420,2020,72,0.560181,0.235276
171301,398,2050,73,0.619295,0.24648
171401,430,2045,72,0.553215,0.237883
171501,426,2076,71,0.528543,0.225159
171601,419,2070,72,0.550856,0.230809
171701,411,2055,74,0.573945,0.235891
171801,400,2038,72,0.549563,0.219825
171901,401,2030,71,0.543534,0.217957
172001,397,2038,70,0.563185,0.223585
172101,396,2030,73,0.536345,0.212393
172201,399,2057,70,0.542927,0.216628
172301,400,2044,70,0.57416,0.229664
172401,410,2030,71,0.549189,0.225167
172501,390,1959,72,0.550527,0.214705
172601,405,2037,75,0.595346,0.241115
172701,410,2034,72,0.558841,0.229125
172801,396,2007,69,0.588976,0.233235
172901,421,2047,69,0.562593,0.236852
173001,384,2029,71,0.532115,0.204332
173101,407,2051,70,0.559888,0.227875
173201,418,2033,70,0.548286,0.229184
173301,415,2070,69,0.558803,0.231903
173401,421,2077,71,0.556948,0.234475
173501,420,2033,72,0.559234,0.234878
173601,439,2043,72,0.537648,0.236027
173701,410,2032,70,0.542895,0.222587
173801,398,1950,69,0.588968,0.234409
173901,402,2041,69,0.515048,0.207049
174001,420,2008,71,0.576387,0.242083
174101,433,2067,71,0.561693,0.243213
174201,393,2006,72,0.576662,0.226628
174301,424,2009,71,0.571599,0.242358
174401,421,2061,73,0.523265,0.220295
174501,392,1991,73,0.545585,0.213869
174601,401,1986,71,0.569298,0.228288
174701,411,2015,71,0.565959,0.232609
174801,428,2021,69,0.557384,0.23856
174901,413,2062,70,0.547597,0.226157
175001,401,2048,69,0.61269,0.245689
175101,410,1982,70,0.562884,0.230782
175201,408,2045,72,0.547639,0.223437
175301,399,2097,75,0.563064,0.224662
175401,398,2047,73,0.560274,0.222989
175501,433,2095,76,0.532432,0.230543
175601,394,1981,77,0.573113,0.225807
175701,419,2017,74,0.586374,0.245691
175801,380,2053,73,0.538065,0.204465
175901,370,2029,72,0.55325,0.204702
176001,392,1972,71,0.580953,0.227734
176101,378,2026,72,0.54448,0.205813
176201,393,2075,75,0.577566,0.226983
176301,394,2016,76,0.573748,0.226057
176401,411,1994,75,0.554179,0.227768
176501,413,2059,73,0.550084,0.227185
176601,413,1999,72,0.572755,0.236548
176701,398,2015,74,0.554899,0.22085
176801,395,2007,74,0.551171,0.217713
176901,380,2030,74,0.563009,0.213943
177001,407,2039,72,0.575518,0.234236
177101,403,2016,71,0.523531,0.210983
177201,394,2042,70,0.586446,0.23106
177301,414,2075,70,0.545969,0.226031
177401,409,2000,71,0.533935,0.21838
177501,431,2028,76,0.528968,0.227985
177601,428,2007,73,0.557325,0.238535
177701,390,2036,75,0.516999,0.20163
177801,411,2003,75,0.540877,0.222301
177901,394,2026,73,0.574,0.226156
178001,388,2027,70,0.534303,0.207309
178101,405,1963,71,0.556837,0.225519
178201,398,2036,72,0.582971,0.232023
178301,399,2033,69,0.58556,0.233638
178401,396,2037,69,0.584656,0.231524
178501,401,2065,71,0.601924,0.241371
178601,410,2092,72,0.533221,0.218621
178701,418,2031,71,0.576871,0.241132
178801,387,2048,69,0.587154,0.227229
178901,396,2069,72,0.560277,0.22187
179001,391,2000,69,0.579334,0.226519
179101,385,2030,71,0.570548,0.219661
179201,401,2079,70,0.566143,0.227023
179301,405,2043,70,0.529702,0.214529
179401,400,2047,71,0.54636,0.218544
179501,395,2030,71,0.565714,0.223457
179601,395,2025,70,0.566563,0.223792
179701,401,2061,71,0.575636,0.23083
179801,416,2070,72,0.53618,0.223051
179901,407,2008,73,0.540134,0.219835
180001,418,1985,73,0.547394,0.228811
180101,394,2013,72,0.546274,0.215232
180201,394,2036,70,0.577092,0.227374
180301,394,2069,70,0.559162,0.22031
180401,394,2114,71,0.530705,0.209098
180501,377,2008,73,0.540003,0.203581
180601,376,2034,71,0.580284,0.218187
180701,370,2064,70,0.594095,0.219815
180801,387,2054,74,0.575927,0.222884
180901,382,2053,70,0.573416,0.219045
181001,373,2028,71,0.565201,0.21082
181101,406,2014,74,0.559313,0.227081
181201,370,2073,74,0.531873,0.196793
181301,408,1998,71,0.569736,0.232452
181401,398,2006,73,0.556074,0.221317
181501,404,2038,71,0.593613,0.23982
181601,389,2019,71,0.54398,0.211608
181701,401,2042,71,0.573401,0.229934
181801,370,2038,70,0.558079,0.206489
181901,402,2034,75,0.598795,0.240716
182001,405,2038,71,0.550376,0.222902
182101,404,2034,71,0.541927,0.218938
182201,413,2033,73,0.53951,0.222818
182301,410,2056,75,0.569095,0.233329
182401,366,2049,72,0.579253,0.212006
182501,387,2055,73,0.567377,0.219575
182601,408,2028,74,0.546639,0.223029
182701,398,2072,72,0.566845,0.225604
182801,408,2049,72,0.542087,0.221171
182901,390,2016,73,0.564853,0.220293
183001,395,2041,74,0.581555,0.229714
183101,385,2053,73,0.571875,0.220172
183201,386,2086,74,0.534242,0.206217
183301,403,2087,76,0.564816,0.227621
183401,388,2042,73,0.602747,0.233866
183501,393,2035,76,0.522919,0.205507
183601,395,2060,75,0.532479,0.210329
183701,404,2045,76,0.576769,0.233015
183801,397,2105,73,0.560875,0.222668
183901,388,2052,72,0.54176,0.210203
184001,401,2096,72,0.557377,0.223508
184101,369,2064,71,0.538141,0.198574
184201,409,2100,73,0.518564,0.212093
184301,404,2023,72,0.550983,0.222597
184401,363,1997,73,0.593344,0.215384
184501,387,2052,71,0.539085,0.208626
184601,386,2066,73,0.569335,0.219763
184701,386,2095,74,0.530494,0.204771
184801,384,2092,76,0.54872,0.210708
184901,382,2066,73,0.53554,0.204576
185001,378,2045,74,0.594438,0.224698
185101,391,2096,74,0.576386,0.225367
185201,395,2120,74,0.557128,0.220065
185301,371,2033,75,0.594511,0.220564
185401,380,1988,74,0.562747,0.213844
185501,381,2076,75,0.547296,0.20852
185601,392,2063,74,0.523494,0.20521
185701,359,2007,74,0.581232,0.208662
185801,375,2054,74,0.582527,0.218448
185901,386,2093,74,0.539693,0.208321
186001,344,2043,74,0.572334,0.196883
186101,387,2071,75,0.56526,0.218755
186201,371,2043,75,0.59014,0.218942
186301,377,2128,75,0.578426,0.218067
186401,370,2086,75,0.561887,0.207898
186501,373,2090,77,0.580935,0.216689
186601,383,2060,73,0.525363,0.201214
186701,389,2018,74,0.555973,0.216274
186801,353,2040,73,0.554673,0.1958
186901,390,2134,75,0.581941,0.226957
187001,369,2102,75,0.541113,0.199671
187101,385,2102,75,0.57745,0.222318
187201,384,2050,75,0.594819,0.228411
187301,384,2061,75,0.566241,0.217436
187401,399,2104,75,0.531729,0.21216
187501,382,2061,78,0.610835,0.233339
187601,395,2056,75,0.589039,0.23267
187701,384,2109,76,0.528816,0.203066
187801,389,2046,77,0.537081,0.208924
187901,368,2101,76,0.523442,0.192627
188001,401,2111,79,0.555971,0.222944
188101,365,2073,77,0.576535,0.210435
188201,398,2197,76,0.539238,0.214617
188301,395,2105,78,0.540521,0.213506
188401,371,2120,76,0.565781,0.209905
188501,389,2051,81,0.596133,0.231896
188601,384,2047,77,0.552689,0.212233
188701,368,2027,76,0.583877,0.214867
188801,379,2098,78,0.553085,0.209619
188901,372,2054,78,0.598248,0.222548
189001,391,2123,76,0.542728,0.212207
189101,367,2041,76,0.577157,0.211816
189201,358,2054,77,0.554928,0.198664
189301,373,2092,80,0.550167,0.205212
189401,367,2036,78,0.593941,0.217976
189501,366,2084,76,0.523702,0.191675
189601,384,2035,78,0.586825,0.225341
189701,394,2090,77,0.578039,0.227747
189801,378,2053,76,0.583265,0.220474
189901,382,2059,78,0.533115,0.20365
190001,391,2127,79,0.504547,0.197278
190101,359,2085,78,0.543264,0.195032
190201,379,2022,77,0.541981,0.205411
190301,400,2090,78,0.571379,0.228552
190401,366,2103,81,0.5313,0.194456
190501,347,2097,81,0.538552,0.186877
190601,363,2097,81,0.598764,0.217351
190701,397,2088,78,0.576339,0.228807
190801,358,2113,79,0.568855,0.20365
190901,378,2070,78,0.607804,0.22975
191001,391,2090,80,0.570021,0.222878
191101,393,2123,77,0.528903,0.207859
191201,370,2138,77,0.55097,0.203859
191301,359,2059,79,0.535854,0.192372
191401,367,2061,78,0.570277,0.209292
191501,401,2075,78,0.539717,0.216426
191601,390,2081,82,0.565303,0.220468
191701,367,2109,80,0.562577,0.206466
191801,354,2100,80,0.582878,0.206339
191901,355,2087,80,0.564526,0.200407
192001,343,2082,77,0.562618,0.192978
192101,346,2021,77,0.555689,0.192268
192201,345,2095,77,0.567677,0.195849
192301,346,2118,78,0.577725,0.199893
192401,361,2128,81,0.593578,0.214282
192501,383,2097,80,0.551879,0.21137
192601,352,2103,77,0.534584,0.188173
192701,369,2089,80,0.552485,0.203867
192801,382,2039,79,0.592076,0.226173
192901,381,2115,79,0.535026,0.203845
193001,384,2096,79,0.553562,0.212568
193101,381,2140,77,0.560602,0.213589
193201,395,2090,75,0.574601,0.226967
193301,385,2108,77,0.536041,0.206376
193401,363,2064,78,0.575701,0.20898
193501,342,2010,79,0.537071,0.183678
193601,362,2045,79,0.565889,0.204852
193701,373,2114,79,0.55303,0.20628
193801,358,2076,77,0.599229,0.214524
193901,374,2081,81,0.583084,0.218073
194001,373,2067,82,0.53766,0.200547
194101,369,2146,78,0.538452,0.198689
194201,339,2070,81,0.560533,0.190021
194301,360,2049,79,0.567062,0.204142
194401,371,2061,79,0.564147,0.209299
194501,340,2058,76,0.583258,0.198308
194601,370,2104,76,0.557304,0.206203
194701,368,2091,76,0.605297,0.222749
194801,366,2062,77,0.529322,0.193732
194901,364,2074,77,0.596844,0.217251
195001,370,2080,77,0.541592,0.200389
195101,348,2083,80,0.558836,0.194475
195201,337,2037,79,0.537428,0.181113
195301,375,2080,79,0.542976,0.203616
195401,379,2056,78,0.538861,0.204228
195501,367,2057,76,0.577987,0.212121
195601,357,2048,77,0.564853,0.201653
195701,359,2062,80,0.537057,0.192803
195801,370,2083,80,0.528747,0.195636
195901,351,2057,83,0.548289,0.19245
196001,371,2106,78,0.542106,0.201121
196101,356,2127,79,0.548813,0.195377
196201,377,2096,77,0.531957,0.200548
196301,354,2082,78,0.566931,0.200693
196401,387,2114,78,0.581479,0.225032
196501,368,2060,79,0.622961,0.22925
196601,380,2059,80,0.49486,0.188047
196701,379,2132,80,0.529615,0.200724
196801,353,2085,79,0.544594,0.192242
196901,380,2113,77,0.575371,0.218641
197001,364,2141,78,0.557706,0.203005
197101,361,2127,79,0.551488,0.199087
197201,376,2139,77,0.558666,0.210058
197301,369,2150,79,0.558331,0.206024
197401,375,2107,77,0.537675,0.201628
197501,366,2112,78,0.554089,0.202797
197601,352,2141,79,0.535532,0.188507
197701,363,2127,77,0.572342,0.20776
197801,360,2096,80,0.56349,0.202856
197901,338,2059,79,0.586463,0.198225
198001,379,2134,79,0.530409,0.201025
198101,354,2111,78,0.54436,0.192703
198201,351,2083,78,0.578049,0.202895
198301,362,2126,79,0.556392,0.201414
198401,351,2119,80,0.58466,0.205216
198501,373,2085,79,0.516562,0.192678
198601,363,2104,81,0.565556,0.205297
198701,374,2093,84,0.568458,0.212603
198801,340,2081,84,0.529778,0.180125
198901,346,2076,83,0.546212,0.188989
199001,335,2088,84,0.561437,0.188081
199101,349,2136,80,0.522041,0.182192
199201,384,2122,79,0.53663,0.206066
199301,366,2095,81,0.540999,0.198006
199401,356,2081,81,0.582372,0.207325
199501,367,2191,80,0.486207,0.178438
199601,365,2135,78,0.586311,0.214003
199701,353,2128,81,0.539472,0.190434
199801,375,2181,78,0.581925,0.218222
199901,340,2085,78,0.585268,0.198991
