cycle,Population_size,Deleterious_muts,Beneficial_muts,Mean_fitness,Intrinsic_fitness
1,1000,0,0,1.0,1.0
101,708,1356,2,0.588523,0.416674
201,720,1404,2,0.565804,0.407379
301,686,1397,2,0.570629,0.391451
401,692,1454,1,0.553355,0.382922
501,693,1468,3,0.543915,0.376933
601,694,1463,2,0.553938,0.384433
701,642,1462,2,0.521942,0.335087
801,661,1498,6,0.548287,0.362418
901,664,1425,5,0.585654,0.388874
1001,659,1472,6,0.565554,0.3727
1101,659,1434,6,0.54838,0.361382
1201,656,1484,5,0.558884,0.366628
1301,653,1463,6,0.546913,0.357134
1401,656,1420,6,0.533765,0.35015
1501,668,1420,9,0.592501,0.395791
1601,689,1471,7,0.585136,0.403159
1701,665,1493,4,0.543565,0.361471
1801,666,1501,4,0.538501,0.358642
1901,672,1523,7,0.584653,0.392887
2001,645,1490,7,0.540495,0.348619
2101,669,1473,8,0.565029,0.378004
2201,670,1616,6,0.529688,0.354891
2301,646,1454,4,0.552265,0.356763
2401,657,1398,5,0.563193,0.370018
2501,679,1480,2,0.549104,0.372842
2601,681,1414,4,0.554149,0.377375
2701,649,1409,2,0.562419,0.36501
2801,680,1501,3,0.547583,0.372357
2901,642,1490,2,0.562232,0.360953
3001,643,1491,4,0.548059,0.352402
3101,659,1485,2,0.558187,0.367845
3201,691,1550,4,0.550191,0.380182
3301,682,1554,3,0.549715,0.374906
3401,632,1497,3,0.575631,0.363799
3501,672,1506,1,0.554867,0.372871
3601,663,1491,1,0.529741,0.351219
3701,696,1470,4,0.57123,0.397576
3801,669,1476,4,0.537891,0.359849
3901,649,1483,4,0.55202,0.358261
4001,655,1443,5,0.564271,0.369597
4101,662,1485,3,0.578358,0.382873
4201,656,1493,3,0.562779,0.369183
4301,629,1431,6,0.556431,0.349995
4401,688,1511,5,0.536794,0.369314
4501,678,1450,5,0.564108,0.382465
4601,634,1434,5,0.536688,0.34026
4701,617,1432,6,0.592767,0.365737
4801,658,1509,5,0.54974,0.361729
4901,611,1397,4,0.589721,0.360319
5001,684,1457,5,0.556904,0.380922
5101,669,1496,7,0.538409,0.360196
5201,630,1532,6,0.535829,0.337573
5301,681,1434,10,0.543714,0.370269
5401,641,1490,4,0.556753,0.356879
5501,640,1514,4,0.569437,0.36444
5601,685,1542,4,0.526791,0.360852
5701,679,1511,5,0.566319,0.384531
5801,670,1472,4,0.567441,0.380185
5901,677,1497,7,0.583114,0.394768
6001,668,1547,5,0.526306,0.351572
6101,670,1497,9,0.560315,0.375411
6201,670,1535,9,0.516909,0.346329
6301,662,1562,5,0.571002,0.378003
6401,627,1433,10,0.532993,0.334187
6501,653,1460,9,0.574597,0.375212
6601,663,1571,5,0.542896,0.35994
6701,643,1515,6,0.559698,0.359886
6801,643,1407,5,0.548772,0.35286
6901,665,1484,8,0.571475,0.380031
7001,627,1517,4,0.524594,0.328921
7101,677,1513,7,0.563493,0.381485
7201,643,1470,6,0.585729,0.376624
7301,645,1502,3,0.567451,0.366006
7401,636,1500,6,0.579691,0.368683
7501,678,1449,6,0.575716,0.390335
7601,675,1384,4,0.550129,0.371337
7701,681,1523,4,0.562123,0.382806
7801,672,1526,6,0.533538,0.358537
7901,661,1553,5,0.554655,0.366627
8001,632,1479,7,0.5411,0.341975
8101,679,1537,5,0.561824,0.381479
8201,667,1550,4,0.533338,0.355737
8301,614,1458,6,0.562096,0.345127
8401,651,1503,7,0.57341,0.37329
8501,680,1539,3,0.553627,0.376466
8601,665,1437,6,0.591197,0.393146
8701,639,1453,5,0.567318,0.362516
8801,644,1452,7,0.534859,0.344449
8901,656,1511,5,0.569534,0.373614
9001,662,1471,5,0.558163,0.369504
9101,670,1491,6,0.548356,0.367399
9201,669,1459,6,0.564574,0.3777
9301,661,1488,6,0.547549,0.36193
9401,648,1477,8,0.54979,0.356264
9501,671,1490,5,0.545998,0.366365
9601,657,1574,6,0.584339,0.383911
9701,668,1509,10,0.527318,0.352249
9801,658,1558,7,0.567387,0.373341
9901,655,1486,10,0.563466,0.36907
10001,624,1508,7,0.595066,0.371321
10101,646,1516,12,0.57094,0.368827
10201,672,1465,9,0.547693,0.36805
10301,646,1462,10,0.570418,0.36849
10401,655,1524,11,0.547394,0.358543
10501,691,1532,12,0.56698,0.391783
10601,634,1571,10,0.531644,0.337062
10701,603,1420,10,0.573881,0.34605
10801,649,1446,10,0.548236,0.355805
10901,657,1497,7,0.565486,0.371524
11001,667,1494,11,0.570902,0.380791
11101,699,1524,8,0.544697,0.380743
11201,706,1482,8,0.537553,0.379512
11301,670,1482,8,0.563786,0.377736
11401,654,1564,10,0.552473,0.361317
11501,636,1509,8,0.575447,0.365984
11601,662,1543,7,0.563929,0.373321
11701,628,1515,7,0.562499,0.353249
11801,656,1558,8,0.571438,0.374864
11901,637,1541,9,0.563598,0.359012
12001,641,1487,9,0.545544,0.349694
12101,621,1520,12,0.5515,0.342482
12201,649,1557,10,0.581452,0.377362
12301,630,1373,10,0.571798,0.360233
12401,645,1454,7,0.559396,0.36081
12501,635,1455,8,0.562689,0.357308
12601,645,1531,8,0.543275,0.350412
12701,653,1421,9,0.572867,0.374082
12801,620,1491,9,0.563738,0.349517
12901,700,1580,9,0.533389,0.373372
13001,655,1547,13,0.58254,0.381564
13101,676,1527,13,0.568463,0.384281
13201,628,1519,12,0.585316,0.367578
13301,641,1486,9,0.575323,0.368782
13401,639,1503,12,0.5643,0.360587
13501,642,1468,9,0.573716,0.368326
13601,628,1567,12,0.537099,0.337298
13701,658,1477,11,0.564977,0.371755
13801,662,1469,11,0.549695,0.363898
13901,657,1544,13,0.553299,0.363517
14001,662,1445,10,0.569785,0.377198
14101,632,1521,11,0.551078,0.348282
14201,679,1501,14,0.549454,0.373079
14301,647,1548,16,0.538884,0.348658
14401,628,1467,11,0.533439,0.335
14501,655,1454,14,0.551293,0.361097
14601,683,1521,13,0.542062,0.370228
14701,662,1461,10,0.582182,0.385404
14801,660,1517,9,0.573796,0.378705
14901,619,1500,12,0.570509,0.353145
15001,632,1570,8,0.562495,0.355497
15101,666,1528,8,0.573504,0.381954
15201,654,1490,10,0.543952,0.355745
15301,665,1541,8,0.587887,0.390945
15401,653,1553,13,0.573095,0.374231
15501,625,1529,11,0.547526,0.342204
15601,641,1488,13,0.546498,0.350305
15701,664,1545,12,0.556605,0.369586
15801,648,1573,10,0.54454,0.352862
15901,658,1567,10,0.576191,0.379134
16001,637,1499,12,0.575468,0.366573
16101,628,1496,10,0.568994,0.357328
16201,650,1577,9,0.548017,0.356211
16301,683,1560,12,0.556242,0.379913
16401,628,1478,9,0.543069,0.341047
16501,645,1519,10,0.578688,0.373254
16601,651,1496,12,0.539799,0.351409
16701,610,1448,10,0.565372,0.344877
16801,613,1499,14,0.573444,0.351521
16901,612,1510,15,0.544751,0.333387
17001,648,1547,13,0.568047,0.368094
17101,661,1446,16,0.536642,0.35472
17201,648,1552,14,0.556214,0.360427
17301,661,1472,14,0.543617,0.359331
17401,663,1484,13,0.553085,0.366695
17501,648,1469,11,0.587987,0.381016
17601,695,1538,11,0.535874,0.372433
17701,659,1535,12,0.515354,0.339618
17801,702,1469,16,0.559661,0.392882
17901,671,1565,13,0.549457,0.368686
18001,640,1568,12,0.559376,0.358
18101,673,1580,15,0.541574,0.36448
18201,671,1574,14,0.575483,0.386149
18301,660,1580,13,0.553375,0.365227
18401,650,1592,12,0.578888,0.376277
18501,657,1564,16,0.56107,0.368623
18601,671,1536,12,0.55057,0.369433
18701,667,1614,12,0.550489,0.367176
18801,668,1588,16,0.557673,0.372525
18901,653,1515,16,0.556537,0.363419
19001,638,1514,15,0.560639,0.357688
19101,634,1501,15,0.574262,0.364082
19201,598,1494,16,0.577877,0.34557
19301,607,1540,18,0.545979,0.331409
19401,667,1536,19,0.543294,0.362377
19501,605,1508,20,0.555327,0.335973
19601,634,1546,17,0.55695,0.353107
19701,667,1565,22,0.554231,0.369672
19801,629,1533,20,0.544472,0.342473
19901,644,1529,16,0.564324,0.363424
20001,612,1523,16,0.560164,0.34282
20101,667,1542,14,0.55188,0.368104
20201,669,1515,16,0.578204,0.386818
20301,660,1569,15,0.535465,0.353407
20401,640,1581,17,0.551539,0.352985
20501,640,1545,15,0.527421,0.337549
20601,656,1625,13,0.540616,0.354644
20701,675,1585,12,0.5485,0.370237
20801,625,1485,16,0.543204,0.339502
20901,635,1535,15,0.533229,0.3386
21001,640,1492,12,0.569003,0.364162
21101,611,1504,15,0.55416,0.338592
21201,654,1579,15,0.564582,0.369236
21301,650,1527,16,0.574769,0.3736
21401,640,1533,13,0.576292,0.368827
21501,634,1588,17,0.55023,0.348846
21601,641,1575,14,0.545926,0.349939
21701,658,1633,15,0.562825,0.370339
21801,663,1616,16,0.530841,0.351948
21901,615,1590,13,0.560667,0.34481
22001,616,1580,15,0.520483,0.320618
22101,672,1601,14,0.55399,0.372281
22201,614,1590,14,0.557767,0.342469
22301,670,1587,14,0.578909,0.387869
22401,628,1628,15,0.544421,0.341896
22501,632,1553,15,0.542179,0.342657
22601,639,1621,16,0.542233,0.346487
22701,649,1484,15,0.560723,0.363909
22801,627,1579,17,0.544144,0.341178
22901,649,1533,19,0.562889,0.365315
23001,644,1553,17,0.585477,0.377047
23101,648,1577,19,0.543273,0.352041
23201,622,1567,23,0.548366,0.341084
23301,659,1527,18,0.571726,0.376767
23401,594,1481,17,0.572401,0.340006
23501,653,1563,17,0.550492,0.359471
23601,665,1608,15,0.568838,0.378277
23701,650,1596,17,0.547707,0.35601
23801,606,1498,17,0.557616,0.337915
23901,666,1574,19,0.566335,0.377179
24001,631,1590,19,0.539436,0.340384
24101,636,1617,19,0.563391,0.358317
24201,642,1522,17,0.539355,0.346266
24301,646,1528,19,0.574249,0.370965
24401,621,1481,21,0.567898,0.352665
24501,651,1534,21,0.55132,0.358909
24601,663,1585,23,0.564324,0.374147
24701,675,1517,26,0.53381,0.360322
24801,674,1588,24,0.558797,0.376629
24901,646,1523,20,0.548907,0.354594
25001,642,1548,21,0.53327,0.34236
25101,669,1656,22,0.571096,0.382063
25201,625,1566,24,0.560026,0.350016
25301,636,1522,21,0.580704,0.369328
25401,654,1588,24,0.555403,0.363233
25501,616,1547,20,0.567609,0.349647
25601,627,1533,20,0.548207,0.343726
25701,621,1601,20,0.549869,0.341469
25801,645,1503,21,0.558073,0.359957
25901,659,1544,22,0.539669,0.355642
26001,673,1623,22,0.559502,0.376545
26101,647,1544,21,0.577861,0.373876
26201,611,1600,18,0.560595,0.342524
26301,606,1614,22,0.546774,0.331345
26401,612,1544,21,0.549671,0.336399
26501,597,1531,20,0.517776,0.309112
26601,648,1613,20,0.550952,0.357017
26701,650,1603,21,0.579282,0.376533
26801,626,1539,19,0.572571,0.35843
26901,658,1576,18,0.571912,0.376318
27001,625,1525,19,0.534399,0.334
27101,645,1545,18,0.551238,0.355549
27201,634,1563,22,0.558429,0.354044
27301,623,1597,20,0.57783,0.359988
27401,643,1570,22,0.544995,0.350431
27501,607,1533,19,0.563081,0.34179
27601,623,1576,21,0.560932,0.349461
27701,617,1550,19,0.548526,0.338441
27801,665,1587,21,0.550386,0.366007
27901,624,1595,20,0.550782,0.343688
28001,615,1602,17,0.557582,0.342913
28101,624,1510,20,0.584133,0.364499
28201,603,1578,23,0.549094,0.331103
28301,608,1514,24,0.586487,0.356584
28401,639,1586,23,0.559011,0.357208
28501,655,1568,21,0.55896,0.366119
28601,631,1525,21,0.551411,0.34794
28701,619,1543,21,0.577392,0.357405
28801,644,1541,19,0.550073,0.354247
28901,630,1522,21,0.553276,0.348564
29001,663,1582,20,0.540768,0.358529
29101,629,1511,19,0.557549,0.350698
29201,627,1554,20,0.551612,0.345861
29301,626,1625,20,0.571111,0.357516
29401,617,1585,21,0.570733,0.352142
29501,639,1540,23,0.571679,0.365303
29601,667,1540,22,0.572207,0.381662
29701,661,1545,23,0.581177,0.384158
29801,617,1499,20,0.566343,0.349434
29901,599,1527,20,0.567343,0.339838
30001,628,1582,25,0.562718,0.353387
30101,619,1530,21,0.567685,0.351397
30201,614,1500,23,0.541193,0.332292
30301,619,1516,22,0.575266,0.356089
30401,597,1527,21,0.553575,0.330484
30501,641,1543,26,0.557778,0.357536
30601,606,1544,24,0.569001,0.344815
30701,641,1523,23,0.551588,0.353568
30801,650,1509,29,0.547764,0.356047
30901,660,1664,31,0.604429,0.398923
31001,633,1521,26,0.54549,0.345295
31101,652,1574,26,0.534477,0.348479
31201,645,1594,28,0.567127,0.365797
31301,597,1586,27,0.540583,0.322728
31401,644,1605,25,0.551007,0.354848
31501,646,1595,23,0.553856,0.357791
31601,607,1545,24,0.539697,0.327596
31701,639,1610,25,0.56216,0.35922
31801,640,1581,25,0.585733,0.374869
31901,614,1545,25,0.522796,0.320997
32001,654,1554,24,0.554988,0.362962
32101,628,1620,24,0.537609,0.337618
32201,616,1543,24,0.529997,0.326478
32301,657,1561,26,0.550665,0.361787
32401,617,1562,27,0.548988,0.338726
32501,598,1563,25,0.544971,0.325893
32601,636,1597,27,0.557353,0.354476
32701,653,1615,25,0.558127,0.364457
32801,641,1636,23,0.585498,0.375304
32901,640,1546,23,0.619635,0.396566
33001,643,1618,24,0.57781,0.371532
33101,616,1493,20,0.577357,0.355652
33201,649,1569,22,0.547655,0.355428
33301,655,1546,23,0.56055,0.36716
33401,638,1552,24,0.554069,0.353496
33501,656,1491,25,0.556384,0.364988
33601,605,1567,26,0.604139,0.365504
33701,641,1557,24,0.545736,0.349817
33801,656,1565,22,0.557491,0.365714
33901,612,1534,23,0.560151,0.342812
34001,642,1618,25,0.602162,0.386588
34101,636,1537,26,0.565275,0.359515
34201,639,1569,25,0.543512,0.347304
34301,590,1514,24,0.582013,0.343387
34401,622,1575,24,0.545502,0.339302
34501,602,1561,27,0.551603,0.332065
34601,650,1651,24,0.545613,0.354648
34701,633,1661,20,0.547401,0.346505
34801,636,1622,21,0.562713,0.357886
34901,580,1534,20,0.549224,0.31855
35001,632,1571,20,0.578368,0.365529
35101,622,1595,21,0.571032,0.355182
35201,655,1615,21,0.542998,0.355664
35301,643,1586,19,0.582769,0.37472
35401,630,1608,20,0.541995,0.341457
35501,628,1612,21,0.580425,0.364507
35601,616,1535,21,0.569266,0.350668
35701,624,1582,20,0.55177,0.344305
35801,600,1561,22,0.525097,0.315058
35901,644,1650,20,0.536155,0.345284
36001,592,1542,20,0.523517,0.309922
36101,636,1561,24,0.577325,0.367179
36201,616,1594,21,0.563053,0.346841
36301,619,1558,21,0.549664,0.340242
36401,599,1556,18,0.575812,0.344911
36501,619,1548,19,0.548579,0.339571
36601,613,1592,23,0.579659,0.355331
36701,647,1637,21,0.547502,0.354234
36801,632,1583,21,0.564567,0.356806
36901,609,1600,28,0.555838,0.338505
37001,627,1572,22,0.563344,0.353217
37101,630,1550,19,0.567484,0.357515
37201,663,1623,22,0.592879,0.393079
37301,640,1633,23,0.544062,0.348199
37401,595,1532,25,0.555515,0.330531
37501,636,1641,23,0.563274,0.358243
37601,620,1574,21,0.565201,0.350424
37701,634,1603,22,0.552619,0.35036
37801,613,1609,21,0.527527,0.323374
37901,608,1584,25,0.547585,0.332932
38001,613,1649,20,0.542317,0.33244
38101,624,1589,20,0.538906,0.336278
38201,643,1513,21,0.570734,0.366982
38301,622,1556,22,0.527035,0.327816
38401,650,1559,22,0.545215,0.35439
38501,582,1628,23,0.564828,0.32873
38601,603,1581,24,0.522958,0.315344
38701,620,1607,21,0.529983,0.328589
38801,627,1542,25,0.589113,0.369374
38901,628,1576,22,0.540458,0.339408
39001,641,1614,22,0.594133,0.380839
39101,616,1580,21,0.554125,0.341341
39201,622,1575,22,0.541047,0.336531
39301,589,1583,23,0.558181,0.328769
39401,572,1554,22,0.56071,0.320726
39501,598,1603,23,0.566723,0.3389
39601,591,1671,25,0.546241,0.322828
39701,593,1599,21,0.528319,0.313293
39801,643,1631,22,0.559711,0.359894
39901,624,1627,24,0.550141,0.343288
40001,602,1565,23,0.575708,0.346576
40101,621,1597,24,0.565343,0.351078
40201,608,1626,23,0.568789,0.345824
40301,623,1616,23,0.56759,0.353609
40401,601,1570,23,0.574672,0.345378
40501,628,1601,22,0.514052,0.322825
40601,636,1690,22,0.52815,0.335903
40701,647,1659,22,0.551145,0.356591
40801,616,1599,23,0.56485,0.347948
40901,637,1630,22,0.532106,0.338951
41001,618,1603,22,0.54253,0.335284
41101,591,1636,22,0.545197,0.322211
41201,593,1638,24,0.539375,0.319849
41301,625,1586,23,0.542469,0.339043
41401,623,1530,22,0.560869,0.349421
41501,588,1517,22,0.571169,0.335847
41601,617,1611,22,0.587477,0.362474
41701,646,1642,21,0.578918,0.373981
41801,618,1562,23,0.554612,0.34275
41901,624,1558,22,0.558441,0.348467
42001,617,1659,23,0.554754,0.342283
42101,600,1579,24,0.574204,0.344523
42201,631,1634,26,0.545216,0.344032
42301,640,1579,22,0.582298,0.372671
42401,613,1596,24,0.596348,0.365562
42501,608,1551,26,0.538598,0.327468
42601,626,1616,24,0.572829,0.358591
42701,590,1583,23,0.566542,0.33426
42801,624,1574,25,0.581816,0.363053
42901,621,1585,22,0.56443,0.350511
43001,619,1589,23,0.575454,0.356206
43101,603,1588,23,0.587847,0.354471
43201,648,1658,22,0.544592,0.352896
43301,605,1604,21,0.556879,0.336912
43401,610,1630,23,0.560071,0.341643
43501,579,1576,24,0.546217,0.31626
43601,614,1651,28,0.547115,0.335929
43701,611,1629,26,0.529103,0.323282
43801,568,1528,27,0.559067,0.31755
43901,605,1639,24,0.545304,0.329909
44001,625,1577,24,0.569476,0.355923
44101,613,1628,24,0.560137,0.343364
44201,621,1554,21,0.577915,0.358885
44301,587,1642,24,0.531803,0.312168
44401,600,1674,19,0.550284,0.33017
44501,634,1629,21,0.530866,0.336569
44601,656,1670,22,0.546329,0.358392
44701,600,1605,23,0.572238,0.343343
44801,644,1623,22,0.56578,0.364362
44901,605,1608,24,0.584039,0.353343
45001,592,1616,22,0.550068,0.32564
45101,607,1597,22,0.573535,0.348136
45201,592,1608,22,0.553724,0.327805
45301,611,1651,22,0.57897,0.353751
45401,607,1690,24,0.560946,0.340495
45501,589,1622,21,0.594384,0.350092
45601,592,1641,21,0.586507,0.347212
45701,612,1649,26,0.555318,0.339855
45801,600,1581,25,0.538132,0.322879
45901,598,1686,25,0.520503,0.311261
46001,602,1652,24,0.580146,0.349248
46101,624,1561,24,0.579772,0.361778
46201,612,1641,23,0.559359,0.342327
46301,633,1643,20,0.537573,0.340284
46401,563,1653,25,0.535558,0.301519
46501,615,1691,25,0.540552,0.332439
46601,602,1643,25,0.51352,0.309139
46701,583,1690,24,0.558873,0.325823
46801,619,1636,23,0.559425,0.346284
46901,621,1707,23,0.548345,0.340522
47001,615,1655,21,0.522922,0.321597
47101,593,1649,27,0.532482,0.315762
47201,616,1607,23,0.563625,0.347193
47301,619,1594,24,0.599461,0.371066
47401,626,1562,22,0.568937,0.356154
47501,575,1616,22,0.548609,0.31545
47601,585,1617,23,0.576965,0.337525
47701,622,1675,22,0.523971,0.32591
47801,624,1641,22,0.545386,0.340321
47901,649,1692,25,0.575519,0.373512
48001,603,1633,23,0.574761,0.346581
48101,600,1609,24,0.567126,0.340275
48201,606,1605,23,0.540104,0.327303
48301,585,1625,23,0.578861,0.338633
48401,604,1639,24,0.559262,0.337794
48501,618,1579,24,0.561221,0.346835
48601,605,1659,24,0.584069,0.353362
48701,638,1675,24,0.58692,0.374455
48801,599,1618,24,0.545923,0.327008
48901,600,1673,24,0.552156,0.331293
49001,609,1655,24,0.597655,0.363972
49101,586,1588,25,0.555378,0.325452
49201,577,1624,23,0.596159,0.343983
49301,604,1670,24,0.5376,0.32471
49401,622,1659,27,0.547849,0.340762
49501,587,1690,24,0.519358,0.304863
49601,627,1630,24,0.575806,0.361031
49701,616,1646,28,0.557193,0.343231
49801,597,1633,26,0.543372,0.324393
49901,576,1616,25,0.526332,0.303167
50001,577,1623,24,0.591811,0.341475
50101,595,1700,26,0.554914,0.330174
50201,616,1731,30,0.552437,0.340301
50301,629,1566,26,0.562464,0.35379
50401,581,1589,25,0.56582,0.328742
50501,584,1608,29,0.562463,0.328478
50601,586,1697,30,0.548263,0.321282
50701,579,1566,28,0.52858,0.306048
50801,595,1621,30,0.544547,0.324005
50901,594,1551,28,0.574281,0.341123
51001,607,1624,30,0.562158,0.34123
51101,598,1618,30,0.594395,0.355448
51201,598,1685,28,0.536157,0.320622
51301,617,1617,29,0.583223,0.359849
51401,584,1577,29,0.553787,0.323411
51501,634,1626,31,0.548261,0.347598
51601,577,1561,30,0.580004,0.334663
51701,618,1666,31,0.560473,0.346372
51801,585,1614,28,0.561425,0.328434
51901,611,1764,28,0.536574,0.327847
52001,590,1662,29,0.56524,0.333491
52101,576,1600,26,0.554636,0.31947
52201,625,1698,33,0.559607,0.349755
52301,603,1624,28,0.570938,0.344276
52401,585,1652,26,0.609529,0.356574
52501,560,1634,28,0.54615,0.305844
52601,586,1723,28,0.530809,0.311054
52701,584,1652,26,0.56547,0.330235
52801,588,1650,28,0.54626,0.321201
52901,610,1667,26,0.568643,0.346872
53001,648,1733,31,0.572999,0.371303
53101,602,1601,29,0.556206,0.334836
53201,588,1669,29,0.594765,0.349722
53301,629,1696,31,0.539438,0.339306
53401,615,1631,30,0.553733,0.340546
53501,570,1633,27,0.575966,0.328301
53601,562,1700,30,0.556562,0.312788
53701,602,1673,32,0.543776,0.327353
53801,584,1585,32,0.571473,0.33374
53901,597,1678,32,0.554681,0.331145
54001,637,1626,33,0.569857,0.362999
54101,578,1612,31,0.58558,0.338465
54201,561,1618,31,0.554275,0.310948
54301,594,1686,31,0.545027,0.323746
54401,603,1577,31,0.576911,0.347877
54501,600,1703,30,0.572126,0.343275
54601,601,1720,29,0.537701,0.323158
54701,577,1644,26,0.557016,0.321398
54801,631,1718,28,0.539025,0.340125
54901,593,1596,28,0.576956,0.342135
55001,605,1660,28,0.570281,0.34502
55101,609,1708,25,0.566575,0.345044
55201,594,1623,26,0.556747,0.330708
55301,600,1649,30,0.525118,0.315071
55401,585,1649,29,0.567799,0.332162
55501,610,1715,25,0.562773,0.343291
55601,625,1670,27,0.579411,0.362132
55701,585,1597,27,0.571858,0.334537
55801,594,1672,30,0.549228,0.326241
55901,576,1684,29,0.556806,0.32072
56001,612,1684,31,0.54259,0.332065
56101,616,1669,29,0.548864,0.3381
56201,606,1665,28,0.582211,0.35282
56301,600,1719,29,0.570703,0.342422
56401,573,1665,28,0.57437,0.329114
56501,581,1660,34,0.57364,0.333285
56601,610,1692,30,0.581913,0.354967
56701,607,1659,31,0.562186,0.341247
56801,587,1644,29,0.560949,0.329277
56901,580,1606,31,0.582098,0.337617
57001,575,1631,30,0.536492,0.308483
57101,575,1652,31,0.555003,0.319127
57201,585,1655,30,0.547549,0.320316
57301,611,1623,30,0.587862,0.359184
57401,581,1734,30,0.586375,0.340684
57501,601,1693,30,0.555504,0.333858
57601,615,1665,31,0.549703,0.338067
57701,600,1667,34,0.540454,0.324272
57801,582,1655,30,0.554392,0.322656
57901,597,1630,33,0.577849,0.344976
58001,594,1665,30,0.564929,0.335568
58101,591,1708,30,0.553373,0.327044
58201,577,1717,31,0.551849,0.318417
58301,586,1653,32,0.546106,0.320018
58401,605,1647,30,0.576355,0.348695
58501,612,1612,32,0.593917,0.363477
58601,573,1627,30,0.554741,0.317867
58701,634,1616,32,0.56435,0.357798
58801,613,1707,32,0.564581,0.346088
58901,589,1671,30,0.542412,0.319481
59001,555,1579,30,0.574214,0.318689
59101,583,1702,34,0.595515,0.347185
59201,579,1630,29,0.549493,0.318156
59301,582,1683,30,0.556437,0.323846
59401,564,1687,30,0.543442,0.306501
59501,616,1684,33,0.560862,0.345491
59601,608,1663,33,0.572021,0.347789
59701,612,1741,34,0.553419,0.338692
59801,602,1680,31,0.588293,0.354152
59901,564,1684,34,0.543843,0.306727
60001,620,1614,35,0.541794,0.335912
60101,588,1665,30,0.528047,0.310492
60201,578,1656,31,0.547745,0.316596
60301,600,1663,30,0.527437,0.316462
60401,625,1706,33,0.544414,0.340258
60501,581,1666,29,0.554764,0.322318
60601,582,1664,31,0.560835,0.326406
60701,598,1679,31,0.541948,0.324085
60801,609,1648,30,0.53149,0.323678
60901,622,1678,29,0.54767,0.340651
61001,578,1643,28,0.579198,0.334776
61101,564,1633,33,0.558833,0.315182
61201,606,1654,30,0.609461,0.369333
61301,565,1695,30,0.560988,0.316958
61401,604,1644,32,0.56148,0.339134
61501,578,1721,29,0.571589,0.330379
61601,573,1665,32,0.576418,0.330288
61701,586,1669,32,0.555911,0.325764
61801,601,1723,33,0.527757,0.317182
61901,614,1729,32,0.540192,0.331678
62001,580,1618,31,0.561563,0.325707
62101,564,1686,31,0.527362,0.297432
62201,586,1720,32,0.582345,0.341254
62301,574,1690,34,0.563131,0.323237
62401,601,1629,32,0.562901,0.338304
62501,581,1694,32,0.576871,0.335162
62601,562,1600,30,0.564548,0.317276
62701,597,1637,29,0.577007,0.344473
62801,571,1695,28,0.565372,0.322827
62901,565,1685,29,0.565922,0.319746
63001,604,1666,31,0.574878,0.347226
63101,560,1646,31,0.568169,0.318174
63201,584,1658,30,0.558394,0.326102
63301,599,1722,27,0.560292,0.335615
63401,556,1706,31,0.563031,0.313045
63501,594,1696,31,0.53902,0.320178
63601,565,1687,30,0.567647,0.320721
63701,579,1663,30,0.549451,0.318132
63801,605,1688,32,0.540427,0.326958
63901,593,1697,34,0.57971,0.343768
64001,591,1736,33,0.532479,0.314695
64101,553,1739,31,0.521134,0.288187
64201,584,1662,32,0.560656,0.327423
64301,557,1642,32,0.554707,0.308972
64401,597,1753,32,0.562167,0.335614
64501,612,1748,32,0.549166,0.33609
64601,572,1622,33,0.560596,0.320661
64701,572,1675,35,0.584099,0.334105
64801,579,1633,33,0.570252,0.330176
64901,570,1601,29,0.550386,0.31372
65001,587,1578,30,0.560555,0.329046
65101,551,1631,32,0.540103,0.297597
65201,601,1665,31,0.554922,0.333508
65301,580,1725,32,0.561075,0.325423
65401,575,1720,30,0.54059,0.310839
65501,575,1668,34,0.557376,0.320491
65601,548,1572,32,0.569574,0.312126
65701,586,1653,33,0.535727,0.313936
65801,580,1623,32,0.589358,0.341828
65901,586,1696,33,0.60257,0.353106
66001,569,1644,33,0.572027,0.325483
66101,586,1728,31,0.538413,0.31551
66201,568,1685,31,0.557289,0.31654
66301,583,1666,35,0.570299,0.332484
66401,563,1658,36,0.553218,0.311462
66501,584,1635,33,0.556451,0.324968
66601,586,1616,32,0.553427,0.324308
66701,547,1624,34,0.579899,0.317205
66801,560,1608,33,0.530329,0.296984
66901,600,1698,33,0.557273,0.334364
67001,599,1707,38,0.565471,0.338717
67101,566,1689,34,0.565937,0.32032
67201,574,1754,34,0.54058,0.310293
67301,576,1665,34,0.588468,0.338957
67401,579,1721,37,0.543124,0.314469
67501,563,1687,34,0.545643,0.307197
67601,576,1762,35,0.543442,0.313022
67701,592,1754,36,0.55508,0.328607
67801,582,1732,33,0.565175,0.328932
67901,553,1707,34,0.552516,0.305542
68001,574,1763,35,0.56401,0.323742
68101,558,1726,38,0.548782,0.30622
68201,610,1785,34,0.546342,0.333268
68301,572,1733,34,0.584543,0.334358
68401,585,1655,35,0.581316,0.34007
68501,592,1773,33,0.530095,0.313816
68601,581,1709,34,0.554283,0.322038
68701,569,1722,35,0.567733,0.32304
68801,608,1690,35,0.563139,0.342388
68901,538,1688,34,0.567068,0.305083
69001,575,1772,35,0.54731,0.314703
69101,587,1690,36,0.545168,0.320014
69201,595,1729,36,0.553758,0.329486
69301,581,1728,36,0.598332,0.347631
69401,561,1782,40,0.552813,0.310128
69501,593,1729,33,0.535916,0.317798
69601,580,1744,34,0.534004,0.309722
69701,586,1829,34,0.548683,0.321528
69801,596,1755,34,0.542788,0.323501
69901,556,1683,35,0.591836,0.329061
70001,551,1705,36,0.547893,0.301889
70101,615,1724,35,0.567281,0.348878
70201,611,1695,37,0.559808,0.342042
70301,558,1757,36,0.564301,0.31488
70401,594,1673,35,0.554927,0.329626
70501,593,1757,33,0.555522,0.329424
70601,592,1830,36,0.555489,0.32885
70701,583,1770,35,0.538283,0.313819
70801,572,1760,36,0.566565,0.324075
70901,572,1751,37,0.543005,0.310599
71001,614,1765,38,0.553198,0.339664
71101,572,1769,36,0.521235,0.298146
71201,597,1710,38,0.565391,0.337538
71301,546,1732,41,0.561165,0.306396
71401,539,1663,39,0.573395,0.30906
71501,570,1725,37,0.563431,0.321156
71601,548,1660,37,0.55066,0.301761
71701,594,1796,38,0.522762,0.310521
71801,598,1720,40,0.5564,0.332727
71901,569,1712,35,0.565498,0.321768
72001,580,1649,35,0.542753,0.314796
72101,571,1688,35,0.553051,0.315792
72201,555,1695,37,0.551912,0.306311
72301,553,1709,36,0.550094,0.304202
72401,560,1692,39,0.578413,0.323911
72501,574,1712,37,0.576414,0.330861
72601,594,1723,38,0.552927,0.328439
72701,553,1831,38,0.558858,0.309048
72801,554,1740,41,0.596377,0.330393
72901,617,1726,38,0.577149,0.356101
73001,590,1726,37,0.54919,0.324022
73101,565,1717,38,0.566302,0.319961
73201,585,1741,38,0.563796,0.329821
73301,581,1774,38,0.563141,0.327185
73401,617,1731,37,0.566078,0.34927
73501,580,1715,37,0.55505,0.321929
73601,571,1716,36,0.545439,0.311446
73701,590,1753,38,0.569004,0.335713
73801,577,1652,36,0.561726,0.324116
73901,593,1727,38,0.571763,0.339055
74001,612,1750,36,0.565114,0.34585
74101,549,1668,38,0.566432,0.310971
74201,577,1805,42,0.559792,0.323
74301,584,1777,38,0.591506,0.345439
74401,588,1649,40,0.592238,0.348236
74501,572,1672,38,0.578681,0.331006
74601,589,1711,38,0.5651,0.332844
74701,602,1704,40,0.56748,0.341623
74801,560,1674,37,0.575098,0.322055
74901,564,1745,38,0.533601,0.300951
75001,582,1638,38,0.544474,0.316884
75101,558,1635,40,0.554707,0.309527
75201,584,1708,39,0.587191,0.342919
75301,582,1726,40,0.537515,0.312834
75401,587,1741,36,0.561602,0.329661
75501,564,1730,36,0.564812,0.318554
75601,557,1701,36,0.569777,0.317366
75701,575,1756,41,0.549343,0.315872
75801,536,1634,38,0.543135,0.291121
75901,554,1674,36,0.552408,0.306034
76001,572,1681,40,0.558666,0.319557
76101,559,1720,38,0.528494,0.295428
76201,605,1717,38,0.512403,0.310004
76301,547,1723,37,0.542135,0.296548
76401,560,1693,38,0.576829,0.323024
76501,574,1742,37,0.605654,0.347645
76601,577,1762,38,0.545721,0.314881
76701,555,1668,41,0.538454,0.298842
76801,556,1686,42,0.541666,0.301166
76901,563,1715,40,0.523748,0.29487
77001,573,1685,44,0.565335,0.323937
77101,561,1731,43,0.533743,0.29943
77201,552,1647,42,0.565771,0.312306
77301,572,1648,39,0.545515,0.312034
77401,592,1687,41,0.554904,0.328503
77501,555,1650,40,0.588901,0.32684
77601,587,1776,40,0.566948,0.332798
77701,582,1711,38,0.56313,0.327742
77801,549,1668,40,0.574466,0.315382
77901,582,1714,40,0.555238,0.323149
78001,585,1684,46,0.540665,0.316289
78101,598,1703,43,0.542657,0.324509
78201,556,1678,44,0.54906,0.305277
78301,572,1691,42,0.533238,0.305012
78401,529,1656,48,0.586585,0.310304
78501,585,1745,41,0.562133,0.328848
78601,596,1708,43,0.575459,0.342974
78701,533,1702,43,0.549538,0.292904
78801,605,1804,44,0.55929,0.33837
78901,572,1723,45,0.573089,0.327807
79001,558,1737,44,0.559532,0.312219
79101,567,1772,45,0.550151,0.311936
79201,545,1753,41,0.574205,0.312942
79301,545,1746,44,0.55285,0.301303
79401,603,1798,42,0.565496,0.340994
79501,549,1723,42,0.542041,0.297581
79601,582,1677,39,0.574372,0.334284
79701,573,1737,42,0.560355,0.321084
79801,542,1819,43,0.583248,0.31612
79901,543,1757,39,0.531253,0.28847
80001,555,1751,42,0.541515,0.300541
80101,588,1774,43,0.56229,0.330626
80201,571,1747,42,0.547589,0.312673
80301,569,1742,44,0.54496,0.310082
80401,572,1661,40,0.546572,0.312639
80501,560,1710,41,0.590397,0.330622
80601,570,1799,43,0.543317,0.309691
80701,571,1690,42,0.548145,0.312991
80801,563,1662,41,0.574709,0.323561
80901,531,1687,40,0.552153,0.293193
81001,545,1714,43,0.565095,0.307977
81101,588,1759,43,0.543935,0.319834
81201,559,1756,39,0.540717,0.302261
81301,542,1755,39,0.577672,0.313098
81401,560,1675,42,0.533743,0.298896
81501,570,1746,41,0.545235,0.310784
81601,572,1728,42,0.543407,0.310829
81701,572,1727,40,0.554169,0.316985
81801,541,1714,40,0.56186,0.303966
81901,556,1731,40,0.586424,0.326052
82001,556,1697,40,0.578334,0.321554
82101,561,1644,42,0.551412,0.309342
82201,566,1706,42,0.556495,0.314976
82301,586,1728,43,0.575684,0.337351
82401,575,1665,43,0.532466,0.306168
82501,563,1733,40,0.546575,0.307722
82601,548,1667,39,0.585689,0.320958
82701,563,1720,41,0.564472,0.317798
82801,541,1700,42,0.540692,0.292515
82901,577,1720,43,0.524048,0.302376
83001,586,1707,44,0.551788,0.323348
83101,573,1751,46,0.577126,0.330693
83201,572,1767,44,0.577714,0.330453
83301,556,1746,43,0.532155,0.295878
83401,527,1675,47,0.568689,0.299699
83501,551,1706,46,0.570158,0.314157
83601,527,1792,44,0.543163,0.286247
83701,584,1803,47,0.528408,0.30859
83801,563,1791,46,0.539447,0.303709
83901,562,1694,43,0.554124,0.311418
84001,562,1759,45,0.565491,0.317806
84101,574,1870,42,0.5608,0.321899
84201,547,1731,42,0.571419,0.312566
84301,558,1753,42,0.571093,0.31867
84401,554,1758,41,0.567218,0.314239
84501,582,1761,42,0.549908,0.320047
84601,536,1710,44,0.549453,0.294507
84701,553,1758,41,0.532359,0.294395
84801,592,1808,42,0.579719,0.343194
84901,588,1776,43,0.557901,0.328046
85001,575,1833,44,0.546262,0.314101
85101,529,1725,40,0.57172,0.30244
85201,553,1752,43,0.56342,0.311571
85301,549,1719,44,0.561023,0.308002
85401,575,1767,43,0.552633,0.317764
85501,565,1747,43,0.584478,0.33023
85601,552,1751,45,0.543711,0.300128
85701,551,1766,43,0.511111,0.281622
85801,566,1756,45,0.542759,0.307202
85901,581,1838,42,0.561181,0.326046
86001,526,1651,44,0.546295,0.287351
86101,568,1786,45,0.563427,0.320026
86201,553,1724,43,0.566898,0.313494
86301,574,1755,45,0.562251,0.322732
86401,529,1765,42,0.574635,0.303982
86501,543,1758,41,0.563987,0.306245
86601,555,1792,43,0.516218,0.286501
86701,562,1781,43,0.564056,0.317
86801,541,1786,40,0.535686,0.289806
86901,547,1729,42,0.580115,0.317323
87001,548,1764,40,0.572513,0.313737
87101,516,1727,42,0.542855,0.280113
87201,572,1733,42,0.519057,0.2969
87301,564,1846,40,0.557281,0.314306
87401,559,1718,40,0.588397,0.328914
87501,554,1785,41,0.560395,0.310459
87601,532,1718,44,0.548112,0.291596
87701,543,1824,44,0.551691,0.299568
87801,530,1879,44,0.568956,0.301547
87901,563,1759,42,0.561532,0.316143
88001,556,1767,40,0.546057,0.303608
88101,559,1730,43,0.555132,0.310319
88201,554,1801,41,0.567361,0.314318
88301,565,1763,41,0.572559,0.323496
88401,531,1817,44,0.558964,0.29681
88501,595,1855,43,0.566883,0.337296
88601,543,1774,43,0.562503,0.305439
88701,563,1752,42,0.548591,0.308857
88801,548,1763,41,0.55551,0.30442
88901,557,1773,43,0.539693,0.300609
89001,538,1802,44,0.5213,0.280459
89101,562,1817,42,0.548306,0.308148
89201,541,1720,44,0.580446,0.314021
89301,547,1725,46,0.583369,0.319103
89401,575,1713,45,0.551982,0.31739
89501,562,1747,43,0.547823,0.307876
89601,534,1805,44,0.57976,0.309592
89701,567,1818,43,0.524804,0.297564
89801,530,1789,44,0.559328,0.296444
89901,517,1648,44,0.559097,0.289053
90001,545,1742,43,0.563417,0.307062
90101,579,1779,45,0.554347,0.320967
90201,550,1767,45,0.533202,0.293261
90301,514,1796,42,0.580627,0.298442
90401,550,1775,42,0.588843,0.323863
90501,521,1725,44,0.546549,0.284752
90601,556,1764,42,0.559386,0.311019
90701,526,1690,45,0.567108,0.298299
90801,538,1740,45,0.566139,0.304583
90901,546,1734,47,0.55332,0.302112
91001,538,1714,43,0.564125,0.303499
91101,559,1732,43,0.554325,0.309867
91201,545,1740,46,0.524739,0.285983
91301,582,1740,44,0.548119,0.319005
91401,543,1772,44,0.590154,0.320454
91501,526,1773,42,0.575771,0.302855
91601,573,1738,42,0.569546,0.32635
91701,542,1763,42,0.544833,0.295299
91801,521,1728,44,0.558911,0.291193
91901,521,1767,42,0.542141,0.282455
92001,550,1767,45,0.572622,0.314942
92101,513,1763,46,0.567824,0.291294
92201,576,1770,48,0.55712,0.320901
92301,559,1811,43,0.560407,0.313267
92401,539,1794,46,0.537861,0.289907
92501,557,1809,45,0.565526,0.314998
92601,533,1763,45,0.542069,0.288923
92701,520,1720,45,0.552158,0.287122
92801,509,1779,45,0.586009,0.298279
92901,532,1787,45,0.569237,0.302834
93001,525,1764,43,0.592975,0.311312
93101,527,1732,49,0.562946,0.296672
93201,550,1808,45,0.576347,0.316991
93301,522,1740,48,0.540747,0.28227
93401,530,1773,46,0.57258,0.303468
93501,498,1738,46,0.527517,0.262704
93601,522,1766,46,0.542026,0.282938
93701,572,1835,46,0.532006,0.304308
93801,553,1865,46,0.567965,0.314085
93901,582,1831,49,0.580416,0.337802
94001,558,1822,48,0.550012,0.306907
94101,539,1848,45,0.561391,0.30259
94201,488,1764,46,0.590508,0.288168
94301,529,1705,47,0.574767,0.304052
94401,563,1751,48,0.562811,0.316863
94501,566,1832,48,0.53043,0.300224
94601,524,1762,51,0.568432,0.297858
94701,542,1729,47,0.58336,0.316181
94801,540,1750,47,0.554956,0.299676
94901,556,1768,46,0.561774,0.312347
95001,520,1797,49,0.533056,0.277189
95101,557,1777,48,0.568912,0.316884
95201,564,1772,48,0.539302,0.304166
95301,520,1741,50,0.577558,0.30033
95401,544,1783,51,0.569471,0.309792
95501,532,1796,48,0.558134,0.296927
95601,532,1783,46,0.546528,0.290753
95701,548,1816,45,0.547282,0.29991
95801,512,1807,47,0.550489,0.28185
95901,569,1811,46,0.531866,0.302632
96001,542,1749,47,0.546178,0.296029
96101,534,1770,48,0.553107,0.295359
96201,489,1755,48,0.563723,0.27566
96301,545,1827,48,0.548089,0.298708
96401,540,1800,50,0.55773,0.301174
96501,506,1767,49,0.557244,0.281965
96601,550,1795,47,0.53172,0.292446
96701,559,1838,51,0.530964,0.296809
96801,505,1771,46,0.559215,0.282404
96901,527,1771,49,0.570339,0.300569
97001,548,1763,51,0.575131,0.315172
97101,516,1781,48,0.535375,0.276254
97201,524,1808,46,0.55685,0.291789
97301,525,1776,48,0.58764,0.308511
97401,511,1759,45,0.524403,0.26797
97501,548,1729,48,0.565981,0.310158
97601,549,1776,46,0.553668,0.303964
97701,542,1747,46,0.544041,0.29487
97801,518,1758,45,0.568527,0.294497
97901,490,1779,47,0.533627,0.261477
98001,557,1782,45,0.53547,0.298257
98101,540,1831,49,0.560049,0.302426
98201,528,1771,45,0.569235,0.300556
98301,535,1797,47,0.547064,0.292679
98401,536,1758,46,0.574457,0.307909
98501,525,1778,47,0.563475,0.295825
98601,574,1828,44,0.548738,0.314976
98701,541,1759,52,0.547943,0.296437
98801,524,1742,51,0.550373,0.288395
98901,530,1841,46,0.591473,0.313481
99001,544,1846,45,0.554807,0.301815
99101,502,1738,45,0.575939,0.289121
99201,523,1784,48,0.618177,0.323307
99301,558,1820,46,0.547122,0.305294
99401,516,1802,47,0.566874,0.292507
99501,537,1782,48,0.566604,0.304266
99601,527,1761,45,0.578423,0.304829
99701,528,1828,48,0.560721,0.296061
99801,531,1731,48,0.562551,0.298714
99901,544,1744,50,0.582806,0.317047
