cycle,Population_size,Deleterious_muts,Beneficial_muts,Mean_fitness,Intrinsic_fitness
1,1000,0,0,1.0,1.0
101,975,4940,0,0.485666,0.473525
201,926,5534,0,0.509366,0.471672
301,919,5864,0,0.50962,0.468341
401,880,5970,0,0.519323,0.457004
501,847,6132,0,0.496851,0.420833
601,844,6358,0,0.507463,0.428299
701,825,6263,0,0.505129,0.416732
801,873,6382,0,0.507997,0.443481
901,832,6374,0,0.515064,0.428533
1001,799,6374,0,0.503704,0.40246
1101,815,6421,0,0.504909,0.411501
1201,748,6232,0,0.507287,0.379451
1301,793,6330,0,0.494361,0.392028
1401,779,6509,0,0.516645,0.402466
1501,794,6466,0,0.509759,0.404748
1601,808,6631,0,0.505032,0.408066
1701,803,6590,0,0.499728,0.401282
1801,782,6551,0,0.488836,0.38227
1901,822,6663,0,0.524945,0.431504
2001,796,6765,0,0.486357,0.38714
2101,823,6797,0,0.511337,0.42083
2201,803,6825,0,0.501366,0.402597
2301,810,6838,0,0.521795,0.422654
2401,794,6781,0,0.513266,0.407533
2501,801,6770,1,0.514797,0.412352
2601,821,6730,0,0.50965,0.418422
2701,774,6875,0,0.486881,0.376846
2801,743,6684,0,0.501446,0.372575
2901,780,6757,0,0.474691,0.370259
3001,769,6816,0,0.485274,0.373176
3101,773,6784,0,0.50668,0.391664
3201,778,6912,0,0.489524,0.38085
3301,765,6756,0,0.49115,0.37573
3401,762,6774,0,0.500298,0.381227
3501,745,6956,0,0.477899,0.356035
3601,754,6901,0,0.510145,0.384649
3701,719,6936,0,0.489984,0.352299
3801,751,6937,0,0.493351,0.370506
3901,757,6802,0,0.520834,0.394271
4001,753,6903,0,0.504753,0.380079
4101,738,6990,0,0.506404,0.373726
4201,761,6888,0,0.491267,0.373854
4301,721,6944,0,0.496054,0.357655
4401,717,7044,0,0.489752,0.351152
4501,738,6952,0,0.482679,0.356217
4601,754,6910,0,0.501571,0.378184
4701,757,6964,0,0.496621,0.375942
4801,753,7067,0,0.498877,0.375655
4901,711,6862,0,0.514554,0.365848
5001,735,6980,0,0.505075,0.37123
5101,719,6826,0,0.485682,0.349205
5201,717,6831,0,0.505272,0.36228
5301,720,6866,0,0.509407,0.366773
5401,744,7008,0,0.515092,0.383228
5501,723,7043,0,0.519008,0.375243
5601,715,6829,0,0.511767,0.365913
5701,708,6946,0,0.505773,0.358087
5801,749,7000,0,0.497746,0.372812
5901,714,6907,0,0.523755,0.373961
6001,725,6842,0,0.52105,0.377761
6101,713,6888,0,0.51852,0.369705
6201,738,6956,0,0.496047,0.366082
6301,717,6964,0,0.483149,0.346418
6401,766,6835,0,0.490343,0.375603
6501,710,6882,0,0.491928,0.349269
6601,683,6797,0,0.49741,0.339731
6701,734,6962,0,0.503089,0.369268
6801,714,6923,0,0.497523,0.355232
6901,725,6942,0,0.519007,0.37628
7001,671,6796,0,0.50675,0.34003
7101,743,6923,0,0.481849,0.358013
7201,678,6796,0,0.500073,0.33905
7301,674,6682,0,0.485117,0.326969
7401,683,6744,0,0.503251,0.34372
7501,689,6903,0,0.489241,0.337087
7601,704,6936,0,0.506827,0.356806
7701,683,6765,0,0.49512,0.338167
7801,671,6740,0,0.508023,0.340884
7901,720,7029,0,0.483964,0.348454
8001,671,6928,0,0.476771,0.319913
8101,675,6781,0,0.514384,0.347209
8201,677,6858,0,0.487353,0.329938
8301,690,7003,0,0.482346,0.332818
8401,695,6938,0,0.508223,0.353215
8501,687,6901,0,0.481566,0.330836
8601,680,6791,0,0.493106,0.335312
8701,681,6702,0,0.499559,0.3402
8801,655,6730,0,0.507191,0.33221
8901,635,6872,0,0.503876,0.319961
9001,669,6781,0,0.493397,0.330083
9101,678,6898,0,0.507187,0.343873
9201,698,6920,0,0.505632,0.352931
9301,647,6779,0,0.506451,0.327674
9401,665,6755,0,0.494782,0.32903
9501,660,6783,0,0.493826,0.325925
9601,615,6837,0,0.495354,0.304643
9701,639,6860,0,0.512308,0.327365
9801,659,6934,0,0.46432,0.305987
9901,645,6817,0,0.519382,0.335002
10001,627,6852,0,0.481883,0.302141
10101,651,6916,0,0.501492,0.326471
10201,647,6874,0,0.522221,0.337877
10301,653,6876,0,0.524343,0.342396
10401,644,6826,0,0.507271,0.326683
10501,636,6813,0,0.484079,0.307874
10601,658,6900,0,0.518408,0.341113
10701,675,6923,0,0.497932,0.336104
10801,636,6830,0,0.511991,0.325626
10901,640,6980,0,0.488526,0.312657
11001,665,6989,0,0.51226,0.340653
11101,646,6982,0,0.503954,0.325554
11201,650,6993,0,0.474059,0.308139
11301,661,7006,0,0.480937,0.317899
11401,643,6961,0,0.49884,0.320754
11501,626,6883,0,0.515076,0.322437
11601,624,6915,0,0.511373,0.319096
11701,603,6760,0,0.497171,0.299794
11801,641,6818,0,0.501643,0.321553
11901,619,6758,0,0.513081,0.317597
12001,585,6568,0,0.506392,0.29624
12101,603,6837,0,0.506668,0.305521
12201,608,6841,0,0.514875,0.313044
12301,599,6718,0,0.501876,0.300624
12401,593,6772,0,0.513819,0.304694
12501,636,6715,0,0.496341,0.315673
12601,609,6791,0,0.498573,0.303631
12701,612,6615,0,0.534084,0.326859
12801,620,6878,0,0.501954,0.311212
12901,586,6734,0,0.477709,0.279938
13001,624,6788,0,0.4909,0.306321
13101,639,6862,0,0.496137,0.317032
13201,573,6887,0,0.479252,0.274612
13301,620,6890,0,0.495329,0.307104
13401,614,6841,0,0.49985,0.306908
13501,581,6806,0,0.4816,0.27981
13601,587,6679,0,0.501784,0.294547
13701,588,6760,0,0.520145,0.305845
13801,605,6803,0,0.510395,0.308789
13901,585,6767,0,0.492852,0.288318
14001,592,6943,0,0.496377,0.293855
14101,601,6775,0,0.506531,0.304425
14201,600,6878,0,0.510315,0.306189
14301,582,6815,0,0.493483,0.287207
14401,583,6789,0,0.477326,0.278281
14501,555,6812,0,0.485755,0.269594
14601,629,6868,0,0.503018,0.316398
14701,566,6864,0,0.49199,0.278467
14801,587,6793,0,0.496105,0.291214
14901,540,6845,0,0.491275,0.265288
15001,561,6844,0,0.49683,0.278722
15101,537,6724,0,0.501219,0.269155
15201,543,6804,0,0.526575,0.28593
15301,525,6668,0,0.50632,0.265818
15401,538,6784,0,0.47332,0.254646
15501,552,6698,0,0.488139,0.269453
15601,542,6789,0,0.511747,0.277367
15701,528,6726,0,0.498466,0.26319
15801,541,6899,0,0.492606,0.2665
15901,557,6834,0,0.488773,0.272247
16001,549,6778,0,0.500498,0.274773
16101,559,6756,0,0.49415,0.27623
16201,535,6817,0,0.520652,0.278549
16301,551,6741,0,0.491874,0.271022
16401,516,6830,0,0.493251,0.254517
16501,553,6717,0,0.484105,0.26771
16601,554,6817,0,0.499486,0.276715
16701,535,6681,0,0.486234,0.260135
16801,534,6700,0,0.504811,0.269569
16901,530,6511,0,0.524926,0.278211
17001,504,6554,0,0.49659,0.250281
17101,513,6662,0,0.509349,0.261296
17201,527,6647,0,0.500174,0.263592
17301,535,6740,0,0.481448,0.257575
17401,538,6884,0,0.476478,0.256345
17501,515,6643,0,0.491735,0.253244
17601,524,6667,0,0.484302,0.253774
17701,516,6784,0,0.519528,0.268076
17801,515,6785,0,0.501266,0.258152
17901,517,6714,0,0.481525,0.248948
18001,534,6784,0,0.530114,0.283081
18101,521,6765,0,0.478757,0.249433
18201,517,6696,0,0.523929,0.270871
18301,508,6755,0,0.508263,0.258197
18401,505,6673,0,0.497107,0.251039
18501,529,6603,0,0.525234,0.277849
18601,496,6572,0,0.515374,0.255626
18701,521,6652,0,0.482217,0.251235
18801,492,6489,0,0.53279,0.262133
18901,509,6679,0,0.510071,0.259626
19001,483,6717,0,0.505407,0.244112
19101,513,6588,0,0.510922,0.262103
19201,493,6661,0,0.488408,0.240785
19301,519,6659,0,0.516729,0.268182
19401,493,6557,0,0.509355,0.251112
19501,504,6579,0,0.505325,0.254684
19601,477,6568,0,0.486447,0.232035
19701,491,6610,0,0.493078,0.242101
19801,483,6746,0,0.477304,0.230538
19901,498,6708,0,0.521031,0.259473
20001,496,6657,0,0.508311,0.252122
20101,478,6610,0,0.523226,0.250102
20201,476,6562,0,0.481894,0.229381
20301,501,6546,0,0.552036,0.27657
20401,449,6580,0,0.496677,0.223008
20501,483,6597,0,0.491238,0.237268
20601,449,6584,0,0.489383,0.219733
20701,463,6601,0,0.47888,0.221721
20801,478,6605,0,0.518624,0.247902
20901,442,6628,0,0.504303,0.222902
21001,462,6659,0,0.526892,0.243424
21101,463,6694,0,0.509072,0.2357
21201,474,6683,0,0.490818,0.232648
21301,470,6668,0,0.512069,0.240672
21401,488,6602,0,0.495013,0.241567
21501,430,6650,0,0.494335,0.212564
21601,460,6741,0,0.491206,0.225955
21701,430,6581,0,0.51008,0.219334
21801,466,6799,0,0.516845,0.24085
21901,452,6756,0,0.486174,0.219751
22001,476,6707,0,0.500752,0.238358
22101,479,6864,0,0.47643,0.22821
22201,431,6815,0,0.487729,0.210211
22301,493,6768,0,0.50302,0.247989
22401,469,6678,0,0.512386,0.240309
22501,449,6787,0,0.488378,0.219282
22601,467,6842,0,0.487814,0.227809
22701,466,6748,0,0.510123,0.237717
22801,457,6563,0,0.515799,0.23572
22901,412,6636,0,0.475816,0.196036
23001,442,6751,0,0.565619,0.250003
23101,454,6718,0,0.492348,0.223526
23201,435,6685,0,0.53059,0.230807
23301,451,6688,0,0.509426,0.229751
23401,431,6739,0,0.486911,0.209859
23501,431,6686,0,0.524413,0.226022
23601,417,6690,0,0.507269,0.211531
23701,459,6836,0,0.515787,0.236746
23801,451,6764,0,0.501003,0.225953
23901,442,6728,0,0.489209,0.216231
24001,436,6641,0,0.496636,0.216533
24101,430,6717,0,0.505144,0.217212
24201,434,6683,0,0.505025,0.219181
24301,401,6637,0,0.499841,0.200436
24401,415,6574,0,0.483054,0.200467
24501,377,6608,0,0.511386,0.192793
24601,406,6601,0,0.536344,0.217756
24701,440,6647,0,0.479644,0.211043
24801,393,6601,0,0.486748,0.191292
24901,417,6715,0,0.48675,0.202975
25001,388,6593,0,0.501349,0.194523
25101,390,6675,0,0.506394,0.197494
25201,405,6721,0,0.492874,0.199614
25301,416,6724,0,0.48901,0.203428
25401,412,6719,0,0.487998,0.201055
25501,397,6618,0,0.460144,0.182677
25601,397,6664,0,0.505021,0.200493
25701,400,6574,0,0.471633,0.188653
25801,407,6687,0,0.482359,0.19632
25901,425,6686,0,0.537099,0.228267
26001,386,6773,0,0.474484,0.183151
26101,407,6700,0,0.504967,0.205521
26201,400,6703,0,0.515403,0.206161
26301,393,6734,0,0.499272,0.196214
26401,386,6614,0,0.488874,0.188705
26501,373,6684,0,0.528999,0.197317
26601,391,6698,0,0.494598,0.193388
26701,390,6648,0,0.521845,0.203519
26801,392,6780,0,0.484596,0.189962
26901,376,6683,0,0.534039,0.200799
27001,379,6541,0,0.548003,0.207693
27101,428,6681,0,0.502197,0.21494
27201,406,6684,0,0.516512,0.209704
27301,359,6732,0,0.477632,0.17147
27401,376,6580,0,0.529067,0.198929
27501,398,6653,0,0.474676,0.188921
27601,411,6657,0,0.533923,0.219442
27701,384,6640,0,0.482696,0.185355
27801,361,6648,0,0.508312,0.1835
27901,362,6623,0,0.504999,0.18281
28001,362,6645,0,0.521267,0.188699
28101,375,6665,0,0.510188,0.191321
28201,360,6659,0,0.526391,0.189501
28301,352,6748,0,0.475513,0.167381
28401,355,6645,0,0.492233,0.174743
28501,373,6751,0,0.473797,0.176726
28601,341,6604,0,0.512808,0.174868
28701,339,6587,0,0.492555,0.166976
28801,346,6761,0,0.48613,0.168201
28901,351,6676,0,0.517344,0.181588
29001,357,6696,0,0.483172,0.172492
29101,353,6603,0,0.519055,0.183226
29201,358,6668,0,0.467749,0.167454
29301,360,6658,0,0.485713,0.174857
29401,348,6711,0,0.488047,0.16984
29501,336,6617,0,0.54135,0.181894
29601,341,6694,0,0.503405,0.171661
29701,330,6687,0,0.501021,0.165337
29801,345,6665,0,0.482273,0.166384
29901,337,6600,0,0.516425,0.174035
30001,345,6685,0,0.542362,0.187115
30101,333,6734,0,0.491888,0.163799
30201,325,6651,0,0.48051,0.156166
30301,338,6703,0,0.508646,0.171922
30401,306,6642,0,0.499967,0.15299
30501,311,6546,0,0.496036,0.154267
30601,329,6591,0,0.529022,0.174048
30701,313,6608,0,0.538609,0.168585
30801,308,6524,0,0.477508,0.147072
30901,324,6632,0,0.475848,0.154175
31001,335,6694,0,0.507663,0.170067
31101,319,6599,0,0.500228,0.159573
31201,309,6574,0,0.530875,0.16404
31301,309,6617,0,0.495434,0.153089
31401,323,6714,0,0.482357,0.155801
31501,312,6674,0,0.483954,0.150994
31601,304,6651,0,0.486535,0.147907
31701,309,6620,0,0.458472,0.141668
31801,303,6663,0,0.501257,0.151881
31901,311,6617,0,0.521831,0.162289
32001,292,6624,0,0.493868,0.144209
32101,300,6628,0,0.493059,0.147918
32201,301,6614,0,0.499355,0.150306
32301,287,6660,0,0.497016,0.142644
32401,276,6656,0,0.489514,0.135106
32501,295,6709,0,0.499649,0.147397
32601,285,6625,0,0.478007,0.136232
32701,286,6538,0,0.507354,0.145103
32801,283,6605,0,0.505436,0.143038
32901,272,6514,0,0.537154,0.146106
33001,289,6607,0,0.489654,0.14151
33101,301,6575,0,0.546755,0.164573
33201,283,6509,0,0.469029,0.132735
33301,290,6665,0,0.453879,0.131625
33401,280,6615,0,0.474239,0.132787
33501,286,6693,0,0.502133,0.14361
33601,271,6633,0,0.511519,0.138622
33701,294,6708,0,0.489743,0.143985
33801,252,6700,0,0.479897,0.120934
33901,270,6687,0,0.501888,0.13551
34001,265,6590,0,0.515649,0.136647
34101,251,6595,0,0.484144,0.12152
34201,261,6606,0,0.509672,0.133024
34301,252,6682,0,0.520351,0.131128
34401,250,6628,0,0.495107,0.123777
34501,257,6632,0,0.525138,0.13496
34601,259,6670,0,0.486413,0.125981
34701,275,6685,0,0.534233,0.146914
34801,264,6662,0,0.470623,0.124244
34901,273,6637,0,0.500774,0.136711
35001,245,6649,0,0.502452,0.123101
35101,255,6664,0,0.474564,0.121014
35201,263,6703,0,0.535181,0.140753
35301,256,6711,0,0.5172,0.132403
35401,254,6708,0,0.475767,0.120845
35501,243,6683,0,0.488604,0.118731
35601,238,6625,0,0.489726,0.116555
35701,255,6697,0,0.538347,0.137278
35801,232,6582,0,0.495681,0.114998
35901,230,6679,0,0.489357,0.112552
36001,240,6732,0,0.452226,0.108534
36101,233,6708,0,0.51343,0.119629
36201,233,6638,0,0.497923,0.116016
36301,229,6560,0,0.477008,0.109235
36401,224,6661,0,0.486586,0.108995
36501,239,6560,0,0.537485,0.128459
36601,240,6630,0,0.4731,0.113544
36701,234,6594,0,0.504687,0.118097
36801,211,6553,0,0.525653,0.110913
36901,220,6602,0,0.48082,0.10578
37001,220,6702,0,0.508977,0.111975
37101,225,6666,0,0.490844,0.11044
37201,212,6696,0,0.515869,0.109364
37301,210,6688,0,0.462833,0.0971949
37401,218,6681,0,0.490979,0.107034
37501,195,6597,0,0.464459,0.0905695
37601,215,6702,0,0.508165,0.109255
37701,215,6654,0,0.497862,0.10704
37801,217,6693,0,0.47817,0.103763
37901,206,6596,0,0.470739,0.0969721
38001,222,6680,0,0.510057,0.113233
38101,198,6697,0,0.484469,0.0959249
38201,198,6666,0,0.51299,0.101572
38301,192,6643,0,0.504599,0.0968831
38401,195,6715,0,0.534926,0.104311
38501,220,6737,0,0.510317,0.11227
38601,196,6699,0,0.487714,0.0955919
38701,207,6711,0,0.494313,0.102323
38801,187,6659,0,0.492587,0.0921137
38901,182,6696,0,0.535873,0.0975288
39001,201,6760,0,0.509388,0.102387
39101,190,6728,0,0.484377,0.0920317
39201,192,6737,0,0.47266,0.0907508
39301,186,6717,0,0.497614,0.0925562
39401,187,6705,0,0.496496,0.0928447
39501,192,6681,0,0.56288,0.108073
39601,188,6694,0,0.543771,0.102229
39701,180,6727,0,0.475766,0.085638
39801,174,6795,0,0.479976,0.0835159
39901,192,6712,0,0.491397,0.0943482
40001,171,6708,0,0.525012,0.089777
40101,184,6716,0,0.495757,0.0912193
40201,178,6747,0,0.490006,0.0872211
40301,185,6714,0,0.506173,0.093642
40401,158,6684,0,0.536054,0.0846965
40501,169,6679,0,0.480707,0.0812395
40601,164,6710,0,0.470409,0.077147
40701,168,6718,0,0.50187,0.0843142
40801,153,6674,0,0.50735,0.0776246
40901,152,6665,0,0.538903,0.0819132
41001,161,6652,0,0.525084,0.0845386
41101,162,6667,0,0.492679,0.079814
41201,164,6603,0,0.502767,0.0824538
41301,171,6664,0,0.476117,0.0814159
41401,155,6654,0,0.507834,0.0787143
41501,153,6709,0,0.480608,0.073533
41601,140,6659,0,0.52004,0.0728056
41701,152,6712,0,0.515467,0.078351
41801,133,6714,0,0.528795,0.0703298
41901,130,6736,0,0.473669,0.061577
42001,136,6788,0,0.52139,0.070909
42101,135,6708,0,0.500491,0.0675663
42201,136,6747,0,0.530494,0.0721472
42301,129,6756,0,0.490342,0.0632542
42401,132,6841,0,0.513146,0.0677353
42501,138,6807,0,0.500754,0.069104
42601,149,6758,0,0.504676,0.0751967
42701,129,6764,0,0.518207,0.0668487
42801,121,6728,0,0.489806,0.0592665
42901,113,6714,0,0.457382,0.0516842
43001,132,6782,0,0.489512,0.0646156
43101,126,6732,0,0.536044,0.0675416
43201,116,6747,0,0.481481,0.0558518
43301,121,6750,0,0.504839,0.0610855
43401,117,6774,0,0.498174,0.0582864
43501,121,6708,0,0.526476,0.0637036
43601,102,6672,0,0.512859,0.0523116
43701,120,6695,0,0.499761,0.0599713
43801,103,6711,0,0.487386,0.0502007
43901,115,6768,0,0.442615,0.0509007
44001,116,6748,0,0.536712,0.0622586
44101,115,6730,0,0.519554,0.0597487
44201,99,6792,0,0.507214,0.0502142
44301,102,6753,0,0.531725,0.0542359
44401,91,6797,0,0.564202,0.0513424
44501,98,6828,0,0.444095,0.0435213
44601,99,6844,0,0.436314,0.0431951
44701,84,6765,0,0.522938,0.0439268
44801,85,6818,0,0.515922,0.0438534
44901,88,6806,0,0.489443,0.0430709
45001,84,6782,0,0.518276,0.0435352
45101,88,6790,0,0.559338,0.0492217
45201,93,6869,0,0.551068,0.0512494
45301,89,6890,0,0.479598,0.0426843
45401,85,6836,0,0.506632,0.0430637
45501,81,6813,0,0.551,0.044631
45601,85,6853,0,0.488988,0.041564
45701,69,6836,0,0.48183,0.0332463
45801,78,6868,0,0.516002,0.0402482
45901,71,6926,0,0.503276,0.0357326
46001,74,6890,0,0.545419,0.040361
46101,70,6909,0,0.41524,0.0290668
46201,72,6892,0,0.497564,0.0358246
46301,72,6864,0,0.523758,0.0377106
46401,64,6912,0,0.558692,0.0357563
46501,71,6875,0,0.486659,0.0345528
46601,72,6902,0,0.584435,0.0420793
46701,72,6945,0,0.496328,0.0357356
46801,62,6901,0,0.621346,0.0385234
46901,65,6960,0,0.539967,0.0350978
47001,51,6936,0,0.524387,0.0267437
47101,53,6909,0,0.502851,0.0266511
47201,60,6921,0,0.481932,0.0289159
47301,56,6914,0,0.508435,0.0284724
47401,48,6928,0,0.547944,0.0263013
47501,43,6965,0,0.53128,0.022845
47601,52,6979,0,0.472491,0.0245695
47701,47,6979,0,0.489117,0.0229885
47801,41,6958,0,0.493907,0.0202502
47901,35,6967,0,0.474043,0.0165915
48001,34,6968,0,0.564094,0.0191792
48101,40,7002,0,0.571539,0.0228616
48201,40,7007,0,0.422998,0.0169199
48301,35,7000,0,0.510236,0.0178583
48401,28,7026,0,0.492849,0.0137998
48501,21,7029,0,0.507167,0.0106505
48601,31,7032,0,0.44204,0.0137032
48701,24,7007,0,0.481622,0.0115589
48801,21,7025,0,0.509655,0.0107028
48901,24,7055,0,0.46948,0.0112675
49001,21,7070,0,0.464319,0.00975069
49101,22,7054,0,0.538878,0.0118553
49201,19,7086,0,0.566226,0.0107583
49301,12,7072,0,0.49289,0.00591468
49401,12,7089,0,0.478689,0.00574426
49501,8,7084,0,0.632132,0.00505705
49601,10,7116,0,0.442141,0.00442141
49701,6,7126,0,0.380265,0.00228159
49801,4,7144,0,1.26504,0.00506018
49901,4,7171,0,0.541065,0.00216426
