cycle,Population_size,Deleterious_muts,Beneficial_muts,Mean_fitness,Intrinsic_fitness
1,1000,0,0,1.0,1.0
101,846,4059,2,0.494823,0.41862
201,788,4293,5,0.515739,0.406402
301,773,4374,3,0.503985,0.38958
401,807,4543,4,0.514671,0.415339
501,802,4685,5,0.493718,0.395962
601,743,4570,7,0.513987,0.381892
701,737,4737,6,0.471964,0.347838
801,784,4831,8,0.479403,0.375852
901,739,4847,6,0.527035,0.389479
1001,732,4628,6,0.505879,0.370303
1101,740,4743,4,0.50242,0.37179
1201,748,4902,4,0.508474,0.380339
1301,758,4935,8,0.490202,0.371573
1401,751,4945,5,0.497802,0.373849
1501,713,4898,6,0.522559,0.372584
1601,760,5044,7,0.505547,0.384216
1701,676,4895,4,0.515995,0.348812
1801,724,4954,6,0.507403,0.36736
1901,732,4984,5,0.51752,0.378825
2001,765,5047,11,0.509597,0.389842
2101,732,4959,5,0.52039,0.380925
2201,737,5072,11,0.496799,0.366141
2301,767,5141,9,0.495935,0.380382
2401,706,5083,11,0.492024,0.347369
2501,733,5046,5,0.508198,0.372509
2601,696,5080,9,0.502516,0.349751
2701,728,5032,10,0.512015,0.372747
2801,701,5043,10,0.533139,0.373731
2901,698,4978,9,0.545749,0.380933
3001,708,4993,10,0.499125,0.353381
3101,698,5026,7,0.52484,0.366339
3201,687,5011,10,0.518088,0.355927
3301,738,5067,10,0.524395,0.387003
3401,726,5152,10,0.496072,0.360148
3501,713,5001,9,0.502836,0.358522
3601,683,5164,10,0.461675,0.315324
3701,716,5243,9,0.471373,0.337503
3801,710,5238,7,0.509121,0.361476
3901,679,5214,7,0.491661,0.333838
4001,682,5181,10,0.49304,0.336253
4101,660,5071,11,0.478929,0.316093
4201,692,5161,12,0.511748,0.35413
4301,678,5084,7,0.503932,0.341666
4401,718,5144,11,0.505772,0.363144
4501,656,5044,11,0.510642,0.334981
4601,684,5161,9,0.513868,0.351486
4701,685,4955,15,0.514419,0.352377
4801,657,5018,8,0.525622,0.345334
4901,705,5256,7,0.532668,0.375531
5001,703,5100,5,0.509476,0.358162
5101,656,5097,10,0.512692,0.336326
5201,685,5018,11,0.496322,0.339981
5301,713,5161,5,0.497318,0.354588
5401,664,5105,7,0.503384,0.334247
5501,646,5064,7,0.492667,0.318263
5601,679,5054,8,0.501171,0.340295
5701,637,5132,12,0.530942,0.33821
5801,673,5141,8,0.515035,0.346618
5901,649,4908,11,0.507207,0.329177
6001,646,5146,9,0.48263,0.311779
6101,636,5057,7,0.491436,0.312553
6201,648,5090,9,0.49179,0.31868
6301,658,5071,8,0.492285,0.323924
6401,667,5054,8,0.51012,0.34025
6501,661,5132,6,0.506636,0.334887
6601,694,5139,11,0.510551,0.354322
6701,643,5040,8,0.486573,0.312866
6801,675,5207,7,0.50682,0.342103
6901,691,5128,11,0.514982,0.355852
7001,681,5064,6,0.511448,0.348296
7101,668,5140,8,0.521659,0.348468
7201,680,5061,8,0.501865,0.341268
7301,641,5171,9,0.496311,0.318135
7401,672,5329,10,0.486907,0.327202
7501,707,5174,11,0.525133,0.371269
7601,648,5239,7,0.52003,0.336979
7701,651,5168,8,0.49995,0.325468
7801,670,5225,6,0.493692,0.330774
7901,650,5196,10,0.502766,0.326798
8001,659,5189,8,0.529281,0.348796
8101,611,5050,7,0.489395,0.29902
8201,639,5144,11,0.509292,0.325438
8301,652,5154,13,0.548297,0.35749
8401,655,5225,11,0.503959,0.330093
8501,650,5150,9,0.49323,0.3206
8601,617,5161,7,0.508074,0.313482
8701,620,4912,10,0.499758,0.30985
8801,635,5071,10,0.503302,0.319597
8901,626,5125,12,0.478079,0.299277
9001,623,5122,9,0.512477,0.319273
9101,619,5082,11,0.506839,0.313733
9201,640,5114,7,0.527906,0.33786
9301,629,5183,5,0.502705,0.316201
9401,629,5066,8,0.503137,0.316473
9501,583,5125,9,0.475634,0.277294
9601,573,5122,11,0.503262,0.288369
9701,620,5299,9,0.516509,0.320235
9801,619,5101,10,0.484055,0.29963
9901,622,5164,10,0.499602,0.310752
10001,621,5263,11,0.51496,0.31979
10101,578,5179,7,0.511305,0.295534
10201,608,5124,8,0.507033,0.308276
10301,599,5193,9,0.476655,0.285516
10401,618,5146,11,0.485717,0.300173
10501,600,5170,6,0.51071,0.306426
10601,639,5204,6,0.503726,0.321881
10701,616,5113,6,0.506302,0.311882
10801,646,5195,8,0.480382,0.310326
10901,638,5105,9,0.486142,0.310158
11001,601,5035,7,0.498383,0.299528
11101,596,5286,6,0.51425,0.306493
11201,607,5107,5,0.505177,0.306643
11301,632,5078,9,0.475549,0.300547
11401,601,5054,7,0.531782,0.319601
11501,632,5252,9,0.50196,0.317239
11601,625,5176,8,0.52326,0.327038
11701,599,5222,6,0.506633,0.303473
11801,582,5126,6,0.506276,0.294653
11901,592,5083,9,0.511325,0.302704
12001,609,5273,8,0.515639,0.314024
12101,597,5243,5,0.463922,0.276962
12201,607,5170,7,0.507561,0.308089
12301,625,5109,5,0.521953,0.32622
12401,610,5140,6,0.473459,0.28881
12501,590,5093,5,0.534153,0.315151
12601,605,5221,8,0.506471,0.306415
12701,631,5198,6,0.518352,0.32708
12801,636,5247,6,0.494957,0.314792
12901,591,5203,6,0.502401,0.296919
13001,582,5213,6,0.485049,0.282298
13101,601,5187,6,0.498903,0.299841
13201,611,5192,11,0.495171,0.302549
13301,595,5100,9,0.52923,0.314892
13401,599,5132,10,0.522041,0.312703
13501,594,5129,10,0.506495,0.300858
13601,601,5078,14,0.523295,0.3145
13701,633,5198,9,0.47791,0.302517
13801,600,5170,11,0.493812,0.296287
13901,585,5177,9,0.535296,0.313148
14001,581,5014,10,0.511082,0.296939
14101,588,5265,12,0.488846,0.287442
14201,600,5227,10,0.491717,0.29503
14301,582,5203,10,0.505675,0.294303
14401,587,5194,11,0.488082,0.286504
14501,572,5259,11,0.490522,0.280579
14601,590,5171,11,0.476379,0.281064
14701,591,5159,11,0.508809,0.300706
14801,578,5216,12,0.489671,0.28303
14901,568,5156,10,0.519624,0.295147
15001,549,5094,10,0.51423,0.282312
15101,576,5151,8,0.479265,0.276057
15201,554,5075,9,0.48869,0.270734
15301,594,5301,10,0.516777,0.306966
15401,563,5171,10,0.512657,0.288626
15501,560,5207,11,0.505935,0.283324
15601,554,5149,11,0.513031,0.284219
15701,572,5196,15,0.491833,0.281328
15801,592,5241,12,0.485858,0.287628
15901,536,5169,13,0.49476,0.265192
16001,548,5115,14,0.50187,0.275025
16101,557,5160,13,0.48339,0.269248
16201,562,5238,13,0.490776,0.275816
16301,562,5119,13,0.483127,0.271517
16401,547,5019,13,0.525539,0.28747
16501,538,5089,15,0.480034,0.258258
16601,563,5050,13,0.488361,0.274947
16701,536,5055,12,0.509877,0.273294
16801,565,5041,11,0.513832,0.290315
16901,555,5103,9,0.516632,0.286731
17001,558,4999,12,0.537886,0.30014
17101,528,5076,11,0.495054,0.261389
17201,516,5006,10,0.48759,0.251597
17301,527,5044,11,0.487613,0.256972
17401,527,5099,12,0.50394,0.265576
17501,563,5081,16,0.485368,0.273262
17601,553,5100,14,0.493987,0.273175
17701,549,5054,13,0.505909,0.277744
17801,540,5125,8,0.522703,0.282259
17901,543,5092,14,0.542965,0.29483
18001,518,5068,13,0.514196,0.266353
18101,524,5002,12,0.490206,0.256868
18201,567,5136,10,0.496568,0.281554
18301,517,5139,10,0.517295,0.267442
18401,529,5070,8,0.49119,0.259839
18501,513,5064,7,0.507309,0.260249
18601,536,5118,6,0.497604,0.266715
18701,554,5142,7,0.511549,0.283398
18801,509,5109,10,0.471854,0.240174
18901,531,5145,7,0.49384,0.262229
19001,520,5182,10,0.505879,0.263057
19101,535,5089,10,0.52321,0.279917
19201,519,5039,8,0.491075,0.254868
19301,500,5148,12,0.498269,0.249134
19401,523,5084,8,0.508228,0.265803
19501,486,5048,9,0.541447,0.263143
19601,482,4966,8,0.483661,0.233124
19701,528,5031,6,0.507503,0.267962
19801,511,4979,9,0.473833,0.242129
19901,515,5178,8,0.496101,0.255492
20001,499,5150,9,0.500615,0.249807
20101,500,5045,7,0.486059,0.243029
20201,507,4975,9,0.501145,0.254081
20301,506,5101,9,0.522229,0.264248
20401,510,5065,10,0.488145,0.248954
20501,535,5101,10,0.510426,0.273078
20601,486,5066,9,0.520657,0.253039
20701,518,5035,8,0.523319,0.271079
20801,483,5089,10,0.492138,0.237703
20901,474,5085,7,0.497049,0.235601
21001,517,5253,9,0.503934,0.260534
21101,510,5122,13,0.513227,0.261746
21201,506,5166,14,0.496757,0.251359
21301,484,4959,11,0.503477,0.243683
21401,460,4950,11,0.49357,0.227042
21501,485,5095,11,0.502711,0.243815
21601,502,5021,12,0.474049,0.237973
21701,482,5028,14,0.503966,0.242912
21801,480,5052,15,0.491246,0.235798
21901,482,5106,14,0.472942,0.227958
22001,499,5036,14,0.499206,0.249104
22101,473,5040,11,0.495865,0.234544
22201,480,5076,11,0.494944,0.237573
22301,444,4981,13,0.495762,0.220118
22401,474,5097,11,0.477256,0.226219
22501,454,5042,8,0.486411,0.220831
22601,471,4994,12,0.50388,0.237328
22701,447,4945,11,0.509165,0.227597
22801,475,5008,11,0.517969,0.246035
22901,472,5008,12,0.478421,0.225815
23001,473,5044,8,0.503113,0.237972
23101,461,4995,10,0.495049,0.228218
23201,432,4991,10,0.517206,0.223433
23301,478,4978,11,0.481047,0.229941
23401,476,5074,12,0.49145,0.23393
23501,457,4967,14,0.474319,0.216764
23601,467,4917,13,0.496156,0.231705
23701,468,4983,9,0.494621,0.231483
23801,483,4998,11,0.492501,0.237878
23901,482,4950,10,0.491925,0.237108
24001,446,4972,9,0.515132,0.229749
24101,449,4950,11,0.550055,0.246975
24201,456,4992,11,0.523308,0.238628
24301,465,5018,8,0.488638,0.227217
24401,466,4964,12,0.496985,0.231595
24501,442,5012,11,0.516307,0.228208
24601,429,4982,11,0.507644,0.217779
24701,450,5032,11,0.485522,0.218485
24801,459,4994,9,0.474414,0.217756
24901,448,5072,11,0.533992,0.239228
25001,425,4984,9,0.514155,0.218516
25101,433,4951,11,0.525111,0.227373
25201,424,4978,10,0.481836,0.204299
25301,428,4999,10,0.500182,0.214078
25401,427,4976,9,0.519833,0.221969
25501,403,4950,9,0.508201,0.204805
25601,417,4944,11,0.49738,0.207408
25701,444,4978,13,0.527846,0.234364
25801,443,5008,12,0.501106,0.22199
25901,450,5057,14,0.504709,0.227119
26001,417,4981,15,0.522711,0.21797
26101,432,5005,11,0.502986,0.21729
26201,405,4866,12,0.515432,0.20875
26301,418,4946,13,0.510547,0.213409
26401,411,4850,13,0.550854,0.226401
26501,439,4974,12,0.498467,0.218827
26601,392,4967,12,0.507975,0.199126
26701,391,4867,12,0.481436,0.188241
26801,440,4903,12,0.493508,0.217144
26901,414,4912,10,0.526482,0.217963
27001,399,4954,9,0.505285,0.201609
27101,390,4767,11,0.504631,0.196806
27201,392,4861,10,0.50067,0.196263
27301,399,4834,12,0.51393,0.205058
27401,411,4898,13,0.532446,0.218836
27501,383,4939,11,0.477464,0.182869
27601,408,4844,10,0.489447,0.199694
27701,387,4878,10,0.463147,0.179238
27801,390,4708,15,0.496039,0.193455
27901,392,4800,10,0.520252,0.203939
28001,378,4844,11,0.526271,0.198931
28101,395,4913,10,0.535276,0.211434
28201,369,4938,12,0.48441,0.178747
28301,390,4817,12,0.478516,0.186621
28401,389,4910,14,0.519244,0.201986
28501,367,4908,12,0.503541,0.184799
28601,359,4755,11,0.492687,0.176875
28701,343,4730,10,0.486269,0.16679
28801,334,4767,11,0.500414,0.167138
28901,342,4803,9,0.522231,0.178603
29001,333,4727,10,0.519813,0.173098
29101,365,4846,11,0.541456,0.197632
29201,380,4794,11,0.502853,0.191084
29301,361,4835,10,0.524459,0.18933
29401,371,4806,11,0.531559,0.197208
29501,346,4822,15,0.502255,0.17378
29601,359,4843,15,0.500749,0.179769
29701,358,4794,12,0.506489,0.181323
29801,340,4805,11,0.474451,0.161313
29901,351,4753,10,0.547641,0.192222
30001,340,4712,12,0.535085,0.181929
30101,356,4752,9,0.518469,0.184575
30201,337,4821,12,0.485217,0.163518
30301,361,4766,10,0.497101,0.179453
30401,345,4758,10,0.5027,0.173432
30501,350,4828,9,0.470857,0.1648
30601,353,4727,12,0.488279,0.172363
30701,333,4742,9,0.527839,0.17577
30801,324,4813,9,0.48681,0.157726
30901,344,4832,10,0.51162,0.175997
31001,347,4880,10,0.520639,0.180662
31101,343,4786,11,0.508707,0.174487
31201,338,4789,8,0.494202,0.16704
31301,332,4859,10,0.51527,0.17107
31401,324,4758,10,0.483436,0.156633
31501,315,4842,13,0.520786,0.164048
31601,347,4861,13,0.487081,0.169017
31701,344,4828,15,0.509416,0.175239
31801,320,4881,13,0.479137,0.153324
31901,317,4826,13,0.495307,0.157012
32001,289,4712,13,0.491457,0.142031
32101,319,4774,11,0.509306,0.162469
32201,289,4609,14,0.50898,0.147095
32301,315,4727,14,0.480135,0.151243
32401,302,4734,11,0.487417,0.1472
32501,333,4718,13,0.530612,0.176694
32601,323,4664,12,0.538097,0.173805
32701,298,4652,14,0.502811,0.149838
32801,326,4801,12,0.529704,0.172684
32901,308,4814,11,0.501015,0.154313
33001,297,4694,15,0.476657,0.141567
33101,289,4690,15,0.528519,0.152742
33201,301,4804,12,0.529467,0.15937
33301,292,4706,11,0.490729,0.143293
33401,286,4727,13,0.507383,0.145111
33501,297,4746,11,0.494282,0.146802
33601,292,4725,14,0.521272,0.152211
33701,288,4731,12,0.514421,0.148153
33801,274,4698,14,0.483279,0.132418
33901,286,4812,11,0.487636,0.139464
34001,293,4727,13,0.510591,0.149603
34101,309,4769,14,0.474606,0.146653
34201,290,4785,13,0.4915,0.142535
34301,293,4674,13,0.513747,0.150528
34401,301,4750,11,0.48716,0.146635
34501,303,4722,11,0.508929,0.154205
34601,289,4677,13,0.504025,0.145663
34701,273,4609,11,0.523715,0.142974
34801,274,4702,12,0.534614,0.146484
34901,287,4771,11,0.467715,0.134234
35001,283,4695,12,0.495442,0.14021
35101,280,4688,12,0.540998,0.151479
35201,311,4787,12,0.531301,0.165235
35301,286,4717,11,0.521475,0.149142
35401,284,4671,15,0.507037,0.143998
35501,277,4696,11,0.484108,0.134098
35601,272,4730,12,0.553291,0.150495
35701,273,4807,14,0.496984,0.135677
35801,274,4743,11,0.501084,0.137297
35901,282,4805,13,0.503381,0.141953
36001,277,4741,13,0.476505,0.131992
36101,279,4744,12,0.493844,0.137783
36201,268,4765,11,0.501715,0.13446
36301,271,4778,12,0.52122,0.141251
36401,270,4740,11,0.555108,0.149879
36501,240,4661,13,0.516509,0.123962
36601,257,4765,13,0.545738,0.140255
36701,264,4682,12,0.507098,0.133874
36801,259,4664,14,0.48804,0.126402
36901,270,4722,14,0.490044,0.132312
37001,236,4667,13,0.469188,0.110728
37101,245,4712,12,0.48474,0.118761
37201,250,4699,13,0.514427,0.128607
37301,261,4737,12,0.484041,0.126335
37401,246,4742,12,0.50895,0.125202
37501,248,4699,14,0.49522,0.122815
37601,238,4769,14,0.508329,0.120982
37701,273,4807,12,0.50072,0.136697
37801,239,4670,14,0.539395,0.128915
37901,257,4805,14,0.498069,0.128004
38001,261,4745,16,0.502567,0.13117
38101,232,4666,16,0.525388,0.12189
38201,238,4714,16,0.504478,0.120066
38301,233,4784,14,0.500923,0.116715
38401,247,4813,14,0.492636,0.121681
38501,246,4793,13,0.492708,0.121206
38601,229,4732,13,0.526798,0.120637
38701,252,4754,13,0.471197,0.118742
38801,229,4731,14,0.463125,0.106056
38901,220,4706,13,0.463516,0.101973
39001,215,4740,14,0.497586,0.106981
39101,221,4695,12,0.513816,0.113553
39201,221,4782,14,0.529639,0.11705
39301,215,4741,14,0.558634,0.120106
39401,231,4755,15,0.523432,0.120913
39501,223,4813,13,0.483241,0.107763
39601,203,4657,13,0.509187,0.103365
39701,224,4711,15,0.513602,0.115047
39801,214,4732,14,0.515457,0.110308
39901,217,4800,13,0.477507,0.103619
40001,228,4754,13,0.51394,0.117178
40101,194,4701,15,0.477263,0.0925891
40201,236,4765,13,0.506965,0.119644
40301,205,4719,14,0.459389,0.0941747
40401,219,4709,15,0.512112,0.112153
40501,224,4793,14,0.539705,0.120894
40601,202,4802,15,0.505335,0.102078
40701,209,4724,14,0.545024,0.11391
40801,205,4739,17,0.54045,0.110792
40901,198,4746,17,0.482436,0.0955224
41001,189,4667,13,0.497866,0.0940967
41101,206,4701,15,0.504595,0.103947
41201,197,4662,14,0.53409,0.105216
41301,197,4732,14,0.596312,0.117473
41401,200,4781,13,0.527535,0.105507
41501,205,4740,14,0.520232,0.106648
41601,191,4680,13,0.481017,0.0918742
41701,216,4761,13,0.516696,0.111606
41801,211,4793,12,0.505605,0.106683
41901,198,4728,12,0.480364,0.095112
42001,171,4708,12,0.532276,0.0910192
42101,192,4691,13,0.514239,0.0987338
42201,174,4668,13,0.533606,0.0928475
42301,187,4667,14,0.506164,0.0946527
42401,190,4654,14,0.558969,0.106204
42501,168,4686,12,0.492007,0.0826572
42601,183,4699,13,0.461724,0.0844954
42701,193,4751,14,0.508145,0.098072
42801,174,4717,13,0.475524,0.0827412
42901,171,4608,13,0.513444,0.087799
43001,177,4682,13,0.537317,0.0951051
43101,163,4668,12,0.517232,0.0843087
43201,180,4688,12,0.530898,0.0955617
43301,155,4703,12,0.510198,0.0790807
43401,178,4741,14,0.485412,0.0864034
43501,169,4696,13,0.569313,0.0962138
43601,176,4698,13,0.519153,0.091371
43701,156,4669,13,0.50884,0.079379
43801,149,4672,13,0.509505,0.0759163
43901,161,4667,12,0.515367,0.0829741
44001,148,4639,12,0.490336,0.0725697
44101,150,4681,14,0.506199,0.0759298
44201,167,4680,13,0.503228,0.084039
44301,144,4684,16,0.50959,0.073381
44401,143,4630,14,0.510769,0.07304
44501,153,4667,14,0.502249,0.076844
44601,157,4749,16,0.502329,0.0788657
44701,158,4714,14,0.478282,0.0755685
44801,140,4727,16,0.530539,0.0742755
44901,140,4713,14,0.548713,0.0768199
45001,141,4706,15,0.502994,0.0709221
45101,131,4700,15,0.477385,0.0625374
45201,145,4643,14,0.519514,0.0753295
45301,139,4673,14,0.464339,0.0645431
45401,154,4724,14,0.466957,0.0719113
45501,141,4675,15,0.540793,0.0762518
45601,142,4669,16,0.502508,0.0713562
45701,132,4660,14,0.521409,0.0688259
45801,126,4657,14,0.503281,0.0634135
45901,143,4668,13,0.508937,0.072778
46001,122,4673,13,0.461024,0.0562449
46101,134,4693,13,0.563744,0.0755417
46201,126,4624,13,0.502683,0.0633381
46301,136,4704,13,0.455403,0.0619348
46401,114,4650,14,0.450507,0.0513578
46501,117,4715,15,0.531883,0.0622304
46601,129,4721,13,0.512924,0.0661673
46701,119,4667,13,0.461005,0.0548596
46801,109,4663,13,0.481187,0.0524494
46901,118,4687,13,0.4854,0.0572772
47001,108,4692,13,0.502269,0.054245
47101,117,4684,13,0.472527,0.0552856
47201,114,4681,14,0.543879,0.0620022
47301,111,4679,14,0.503121,0.0558465
47401,101,4681,15,0.466224,0.0470886
47501,106,4657,14,0.490936,0.0520392
47601,100,4708,16,0.484656,0.0484656
47701,98,4695,15,0.558963,0.0547784
47801,111,4705,14,0.573436,0.0636514
47901,92,4669,14,0.470906,0.0433234
48001,97,4688,15,0.468934,0.0454866
48101,101,4626,15,0.640668,0.0647075
48201,94,4630,14,0.488493,0.0459184
48301,101,4691,14,0.503534,0.0508569
48401,88,4669,14,0.522126,0.0459471
48501,80,4725,14,0.426644,0.0341315
48601,88,4707,13,0.45334,0.039894
48701,81,4725,13,0.51754,0.0419208
48801,87,4695,13,0.481522,0.0418924
48901,91,4694,13,0.538244,0.0489802
49001,75,4644,13,0.505671,0.0379254
49101,87,4656,15,0.551134,0.0479486
49201,88,4694,15,0.48275,0.042482
49301,76,4698,14,0.500895,0.0380681
49401,80,4735,14,0.498827,0.0399062
49501,71,4658,14,0.576154,0.040907
49601,73,4659,14,0.536756,0.0391832
49701,71,4676,14,0.521292,0.0370117
49801,80,4705,14,0.504951,0.0403961
49901,68,4721,14,0.516061,0.0350922
