cycle,Population_size,Deleterious_muts,Beneficial_muts,Mean_fitness,Intrinsic_fitness
1,1000,0,0,1.0,1.0
101,839,3899,2,0.513534,0.430855
201,803,4242,4,0.496492,0.398683
301,744,4508,6,0.502317,0.373724
401,790,4719,10,0.510537,0.403324
501,767,4706,7,0.506944,0.388826
601,792,4747,8,0.521661,0.413156
701,756,4794,11,0.486668,0.367921
801,739,4940,6,0.532933,0.393837
901,772,4899,9,0.481132,0.371434
1001,742,4945,9,0.492896,0.365729
1101,736,4892,10,0.507048,0.373187
1201,741,4871,15,0.498705,0.36954
1301,739,4998,11,0.500998,0.370238
1401,710,4955,10,0.495575,0.351858
1501,731,5051,9,0.516486,0.377552
1601,719,4931,11,0.49668,0.357113
1701,741,5048,3,0.515654,0.382099
1801,730,4958,8,0.504405,0.368215
1901,720,5035,7,0.529548,0.381275
2001,746,5091,4,0.510409,0.380765
2101,733,5040,11,0.509556,0.373505
2201,702,5093,12,0.505534,0.354885
2301,748,4965,9,0.524296,0.392173
2401,755,5061,9,0.500587,0.377943
2501,721,5150,7,0.501908,0.361876
2601,731,5026,9,0.496241,0.362752
2701,708,5074,8,0.50774,0.35948
2801,702,5096,10,0.505173,0.354632
2901,677,4999,7,0.496489,0.336123
3001,670,4937,8,0.516119,0.345799
3101,702,5088,9,0.524674,0.368321
3201,664,5054,9,0.483161,0.320819
3301,706,5125,7,0.487511,0.344183
3401,690,4927,4,0.521465,0.359811
3501,654,4907,4,0.510467,0.333846
3601,661,5001,6,0.487771,0.322417
3701,673,5197,3,0.486937,0.327708
3801,706,4986,4,0.500562,0.353397
3901,684,5039,11,0.484743,0.331564
4001,659,4972,5,0.524371,0.34556
4101,709,5041,9,0.523908,0.371451
4201,683,5005,6,0.504514,0.344583
4301,662,5113,6,0.517976,0.3429
4401,672,5044,7,0.503755,0.338523
4501,663,4934,10,0.511552,0.339159
4601,683,4953,6,0.512557,0.350077
4701,645,5121,4,0.519304,0.334951
4801,672,4943,2,0.521761,0.350623
4901,666,5042,5,0.481304,0.320548
5001,654,4879,3,0.491165,0.321222
5101,607,4876,4,0.499979,0.303487
5201,689,4937,7,0.490722,0.338107
5301,669,5084,9,0.485376,0.324717
5401,659,5071,6,0.506703,0.333917
5501,664,5037,8,0.536148,0.356002
5601,625,5049,3,0.499306,0.312066
5701,659,4998,4,0.518715,0.341834
5801,689,5090,3,0.513257,0.353634
5901,650,4985,10,0.499848,0.324901
6001,659,5041,6,0.507527,0.33446
6101,638,4995,9,0.488199,0.311471
6201,680,5042,5,0.478258,0.325216
6301,649,4882,5,0.49854,0.323553
6401,654,5072,6,0.500392,0.327256
6501,628,5009,4,0.512219,0.321674
6601,631,4954,5,0.508308,0.320743
6701,640,5010,3,0.50909,0.325817
6801,633,5131,6,0.503374,0.318635
6901,621,4835,6,0.493727,0.306604
7001,647,5029,4,0.503375,0.325684
7101,627,4971,8,0.499771,0.313357
7201,669,5101,6,0.533626,0.356996
7301,616,4975,7,0.517347,0.318686
7401,627,4984,6,0.49461,0.31012
7501,615,4944,8,0.491788,0.30245
7601,660,5012,4,0.489961,0.323375
7701,652,5102,5,0.497108,0.324114
7801,635,5036,5,0.509736,0.323682
7901,586,5000,6,0.473033,0.277197
8001,641,5018,6,0.512018,0.328204
8101,611,5018,9,0.524311,0.320354
8201,628,4992,6,0.529617,0.3326
8301,614,5002,6,0.505923,0.310637
8401,610,5026,7,0.478422,0.291837
8501,636,5150,7,0.492473,0.313213
8601,636,4930,12,0.520244,0.330875
8701,634,5108,9,0.483891,0.306787
8801,591,5007,8,0.491011,0.290187
8901,636,5020,8,0.510587,0.324733
9001,659,5031,10,0.54223,0.35733
9101,628,4967,9,0.529128,0.332293
9201,599,4955,11,0.499892,0.299435
9301,657,5108,7,0.504231,0.33128
9401,631,4952,9,0.480838,0.303409
9501,601,4952,11,0.506239,0.30425
9601,637,5064,8,0.509803,0.324744
9701,636,5071,11,0.515453,0.327828
9801,600,4948,12,0.482118,0.289271
9901,650,5054,10,0.52524,0.341406
10001,575,4914,10,0.487561,0.280348
10101,577,4922,10,0.48417,0.279366
10201,593,4926,9,0.474666,0.281477
10301,603,4919,13,0.507187,0.305834
10401,593,4784,14,0.51121,0.303147
10501,603,4926,15,0.488502,0.294567
10601,566,4838,14,0.49888,0.282366
10701,597,4975,20,0.481782,0.287624
10801,599,4938,15,0.527862,0.31619
10901,590,5062,18,0.508126,0.299795
11001,624,4972,17,0.502642,0.313648
11101,588,4864,16,0.519832,0.305661
11201,561,4960,13,0.50815,0.285072
11301,593,5025,18,0.504191,0.298985
11401,583,4862,17,0.513664,0.299466
11501,602,4869,19,0.496525,0.298908
11601,608,4852,18,0.480611,0.292212
11701,601,4923,16,0.513282,0.308482
11801,578,4856,17,0.485212,0.280452
11901,600,5005,16,0.474794,0.284876
12001,553,4803,14,0.487915,0.269817
12101,586,4862,14,0.513774,0.301072
12201,562,4747,15,0.485712,0.27297
12301,594,4837,16,0.513269,0.304882
12401,572,4854,14,0.504319,0.288471
12501,568,4945,16,0.482877,0.274274
12601,602,4890,18,0.496219,0.298724
12701,612,4894,18,0.491986,0.301096
12801,611,4818,16,0.503587,0.307692
12901,588,4947,14,0.503722,0.296188
13001,582,4972,15,0.494237,0.287646
13101,575,4988,16,0.508575,0.29243
13201,581,5018,17,0.4834,0.280855
13301,558,4992,14,0.510686,0.284963
13401,586,4955,17,0.490077,0.287185
13501,550,4986,18,0.50003,0.275017
13601,531,5020,17,0.505997,0.268684
13701,554,5010,16,0.51599,0.285858
13801,571,5024,20,0.514263,0.293644
13901,578,4938,15,0.509523,0.294504
14001,551,4929,14,0.508175,0.280005
14101,609,5085,17,0.488553,0.297529
14201,551,4954,16,0.490277,0.270142
14301,549,4941,15,0.495107,0.271814
14401,566,5001,14,0.511547,0.289536
14501,564,4979,13,0.517674,0.291968
14601,523,4825,15,0.501915,0.262502
14701,571,4919,17,0.508359,0.290273
14801,528,4842,16,0.49817,0.263034
14901,529,4935,17,0.529287,0.279993
15001,574,4922,15,0.505894,0.290383
15101,571,4962,13,0.50296,0.28719
15201,584,4965,15,0.511835,0.298912
15301,550,4857,12,0.522563,0.28741
15401,532,4912,15,0.487794,0.259506
15501,530,4827,15,0.493356,0.261479
15601,555,4940,13,0.489349,0.271589
15701,563,4902,15,0.528639,0.297624
15801,513,4996,18,0.481268,0.24689
15901,530,4776,13,0.485711,0.257427
16001,514,4897,17,0.491588,0.252676
16101,517,4795,19,0.497324,0.257116
16201,545,4825,16,0.538576,0.293524
16301,507,4756,17,0.499632,0.253313
16401,543,4773,17,0.520895,0.282846
16501,546,4969,19,0.5062,0.276385
16601,522,4967,13,0.495112,0.258449
16701,531,4902,13,0.490745,0.260586
16801,519,4802,13,0.491493,0.255085
16901,534,4920,13,0.488696,0.260964
17001,559,4937,12,0.517401,0.289227
17101,518,4863,12,0.493764,0.25577
17201,549,4872,12,0.490868,0.269486
17301,489,4845,15,0.507183,0.248013
17401,504,4871,13,0.486296,0.245093
17501,517,4791,16,0.521638,0.269687
17601,509,4825,14,0.482573,0.24563
17701,547,5018,16,0.511679,0.279889
17801,536,4938,17,0.500846,0.268454
17901,483,4818,14,0.497907,0.240489
18001,499,4786,21,0.517172,0.258069
18101,537,4936,16,0.521859,0.280239
18201,520,4815,12,0.509316,0.264845
18301,510,4773,13,0.506357,0.258242
18401,496,4852,12,0.508548,0.25224
18501,535,4934,12,0.498072,0.266468
18601,500,4866,11,0.48784,0.24392
18701,525,4934,12,0.488773,0.256606
18801,528,4795,12,0.508973,0.268738
18901,487,4943,14,0.508953,0.24786
19001,503,4950,14,0.487193,0.245058
19101,480,4747,13,0.525248,0.252119
19201,490,4775,15,0.511983,0.250871
19301,493,4745,16,0.488391,0.240777
19401,494,4855,14,0.490768,0.242439
19501,489,4782,14,0.521985,0.255251
19601,512,4938,13,0.521746,0.267134
19701,518,5007,14,0.514735,0.266633
19801,528,4926,14,0.490666,0.259072
19901,496,4902,13,0.51067,0.253292
20001,522,4845,13,0.496503,0.259175
20101,509,4852,11,0.497182,0.253066
20201,483,4816,15,0.485497,0.234495
20301,473,4842,13,0.514056,0.243148
20401,484,4804,16,0.509659,0.246675
20501,473,4840,12,0.468768,0.221727
20601,453,4727,12,0.529454,0.239843
20701,484,4847,12,0.473366,0.229109
20801,494,4845,13,0.527396,0.260534
20901,451,4807,16,0.489187,0.220623
21001,487,4742,16,0.540541,0.263243
21101,477,4805,15,0.526529,0.251154
21201,466,4738,15,0.513989,0.239519
21301,473,4841,13,0.553388,0.261752
21401,441,4785,13,0.498023,0.219628
21501,499,4871,16,0.520787,0.259873
21601,444,4743,18,0.48723,0.21633
21701,476,4813,16,0.477659,0.227366
21801,461,4900,18,0.520506,0.239953
21901,458,4859,15,0.496021,0.227178
22001,453,4897,15,0.512649,0.23223
22101,464,4810,14,0.487735,0.226309
22201,469,4757,18,0.491341,0.230439
22301,447,4672,18,0.48587,0.217184
22401,437,4720,19,0.496602,0.217015
22501,471,4818,16,0.50487,0.237794
22601,460,4857,18,0.500838,0.230386
22701,476,4847,15,0.504175,0.239987
22801,432,4882,15,0.48821,0.210907
22901,431,4777,16,0.525945,0.226682
23001,475,4805,17,0.498497,0.236786
23101,449,4888,16,0.543893,0.244208
23201,475,4960,16,0.529457,0.251492
23301,456,4821,16,0.496857,0.226567
23401,440,4773,19,0.514266,0.226277
23501,466,4939,16,0.500519,0.233242
23601,455,4857,17,0.509301,0.231732
23701,459,4955,16,0.477623,0.219229
23801,448,4888,15,0.483214,0.21648
23901,434,4781,16,0.494234,0.214498
24001,399,4726,18,0.523138,0.208732
24101,442,4805,19,0.476265,0.210509
24201,421,4739,19,0.515904,0.217196
24301,411,4723,17,0.525021,0.215784
24401,422,4807,18,0.487715,0.205816
24501,405,4788,17,0.51715,0.209446
24601,405,4693,19,0.488173,0.19771
24701,419,4855,18,0.509124,0.213323
24801,429,4887,18,0.494569,0.21217
24901,409,4812,18,0.493892,0.202002
25001,426,4736,18,0.481699,0.205204
25101,403,4652,17,0.515346,0.207684
25201,413,4705,16,0.496563,0.205081
25301,433,4811,17,0.498045,0.215654
25401,423,4800,17,0.495651,0.209661
25501,426,4681,16,0.491912,0.209554
25601,407,4664,18,0.510962,0.207961
25701,383,4742,18,0.555055,0.212586
25801,401,4665,14,0.507989,0.203703
25901,408,4544,18,0.498844,0.203529
26001,385,4723,17,0.491742,0.189321
26101,399,4680,19,0.537872,0.214611
26201,409,4792,16,0.540718,0.221154
26301,372,4560,16,0.499357,0.185761
26401,382,4744,17,0.504591,0.192754
26501,369,4686,16,0.494133,0.182335
26601,386,4668,17,0.468707,0.180921
26701,410,4668,15,0.509016,0.208696
26801,366,4541,16,0.494469,0.180976
26901,399,4699,18,0.527241,0.210369
27001,371,4715,15,0.496445,0.184181
27101,374,4628,17,0.506691,0.189503
27201,389,4714,17,0.496177,0.193013
27301,378,4750,18,0.508271,0.192127
27401,360,4686,17,0.490757,0.176673
27501,348,4591,15,0.50833,0.176899
27601,365,4763,18,0.512882,0.187202
27701,378,4632,16,0.507001,0.191646
27801,348,4628,18,0.490264,0.170612
27901,365,4754,16,0.490334,0.178972
28001,361,4684,16,0.476076,0.171863
28101,371,4668,16,0.489695,0.181677
28201,374,4641,15,0.497639,0.186117
28301,365,4645,16,0.467546,0.170654
28401,380,4656,16,0.491349,0.186713
28501,373,4617,17,0.508449,0.189651
28601,350,4651,15,0.510621,0.178717
28701,330,4626,17,0.497575,0.1642
28801,371,4681,16,0.487708,0.18094
28901,337,4569,15,0.501544,0.16902
29001,357,4583,16,0.512882,0.183099
29101,341,4582,16,0.511682,0.174483
29201,328,4666,16,0.492706,0.161608
29301,372,4630,16,0.497369,0.185021
29401,339,4590,19,0.487635,0.165308
29501,336,4623,18,0.499168,0.167721
29601,340,4586,17,0.47639,0.161973
29701,362,4681,15,0.494118,0.178871
29801,332,4588,16,0.518162,0.17203
29901,336,4574,17,0.505091,0.169711
30001,322,4584,16,0.51415,0.165556
30101,339,4537,19,0.515311,0.174691
30201,320,4561,18,0.490447,0.156943
30301,328,4568,17,0.512194,0.168
30401,328,4599,16,0.481256,0.157852
30501,325,4534,16,0.500472,0.162653
30601,333,4603,16,0.523521,0.174332
30701,326,4700,16,0.506473,0.16511
30801,318,4619,16,0.507894,0.16151
30901,332,4563,18,0.517438,0.171789
31001,310,4580,16,0.507771,0.157409
31101,328,4625,18,0.510498,0.167443
31201,312,4653,17,0.49118,0.153248
31301,321,4652,16,0.488445,0.156791
31401,300,4678,16,0.480302,0.14409
31501,308,4667,15,0.491106,0.151261
31601,336,4685,18,0.500743,0.16825
31701,324,4680,15,0.502996,0.162971
31801,290,4587,16,0.514896,0.14932
31901,287,4587,16,0.483563,0.138783
32001,297,4526,16,0.48504,0.144057
32101,316,4646,19,0.468634,0.148088
32201,308,4602,17,0.49917,0.153744
32301,305,4625,18,0.517808,0.157932
32401,312,4591,18,0.526609,0.164302
32501,314,4630,16,0.508281,0.1596
32601,272,4539,17,0.589834,0.160435
32701,297,4528,18,0.497938,0.147888
32801,285,4540,19,0.480217,0.136862
32901,307,4538,19,0.496635,0.152467
33001,298,4577,16,0.489565,0.14589
33101,291,4590,18,0.501415,0.145912
33201,291,4524,16,0.525458,0.152908
33301,278,4582,16,0.4809,0.13369
33401,271,4531,21,0.51579,0.139779
33501,291,4564,17,0.500835,0.145743
33601,287,4547,17,0.526192,0.151017
33701,277,4624,17,0.498242,0.138013
33801,286,4602,18,0.486471,0.139131
33901,264,4512,18,0.479619,0.126619
34001,275,4546,17,0.52523,0.144438
34101,272,4596,19,0.539269,0.146681
34201,287,4614,22,0.5065,0.145366
34301,269,4529,18,0.490409,0.13192
34401,297,4578,16,0.504434,0.149817
34501,284,4620,19,0.507844,0.144228
34601,266,4625,23,0.587813,0.156358
34701,259,4593,22,0.466351,0.120785
34801,266,4601,19,0.489426,0.130187
34901,257,4554,16,0.482025,0.123881
35001,249,4486,18,0.487042,0.121273
35101,258,4544,19,0.530899,0.136972
35201,243,4595,18,0.469733,0.114145
35301,248,4508,20,0.557337,0.13822
35401,270,4507,18,0.472385,0.127544
35501,249,4536,21,0.507031,0.126251
35601,249,4504,18,0.505522,0.125875
35701,244,4597,17,0.509285,0.124265
35801,253,4585,18,0.485416,0.12281
35901,230,4510,17,0.485712,0.111714
36001,243,4574,20,0.479202,0.116446
36101,241,4551,19,0.544328,0.131183
36201,243,4542,18,0.53805,0.130746
36301,251,4589,20,0.514905,0.129241
36401,246,4601,20,0.514572,0.126585
36501,238,4595,19,0.495932,0.118032
36601,234,4501,19,0.481136,0.112586
36701,230,4557,18,0.477955,0.10993
36801,218,4607,17,0.511295,0.111462
36901,213,4428,20,0.489541,0.104272
37001,222,4488,18,0.497582,0.110463
37101,237,4513,18,0.518706,0.122933
37201,208,4519,19,0.531574,0.110567
37301,218,4520,19,0.491942,0.107243
37401,234,4465,19,0.523735,0.122554
37501,218,4479,21,0.504806,0.110048
37601,216,4561,19,0.526337,0.113689
37701,221,4479,19,0.535957,0.118447
37801,231,4509,19,0.498614,0.11518
37901,210,4471,18,0.482799,0.101388
38001,215,4517,17,0.50909,0.109454
38101,202,4483,21,0.52085,0.105212
38201,209,4527,16,0.509032,0.106388
38301,211,4588,16,0.505831,0.10673
38401,208,4422,16,0.504546,0.104945
38501,204,4425,16,0.581712,0.118669
38601,191,4428,18,0.489746,0.0935415
38701,206,4467,17,0.52711,0.108585
38801,203,4497,16,0.530787,0.10775
38901,173,4528,17,0.529679,0.0916345
39001,181,4489,18,0.475406,0.0860485
39101,187,4435,18,0.569614,0.106518
39201,183,4444,18,0.54595,0.0999089
39301,185,4443,19,0.547735,0.101331
39401,183,4451,18,0.499197,0.0913531
39501,184,4438,17,0.491211,0.0903828
39601,185,4399,17,0.542963,0.100448
39701,176,4415,19,0.491761,0.08655
39801,171,4383,18,0.507368,0.0867599
39901,191,4447,18,0.503341,0.0961381
40001,205,4476,18,0.482006,0.0988111
40101,169,4443,17,0.49795,0.0841535
40201,182,4452,18,0.538642,0.0980328
40301,182,4481,18,0.520348,0.0947034
40401,152,4440,17,0.516616,0.0785256
40501,177,4431,19,0.497441,0.0880471
40601,182,4446,19,0.47724,0.0868577
40701,156,4453,17,0.537058,0.083781
40801,154,4381,17,0.559036,0.0860915
40901,153,4384,17,0.508426,0.0777891
41001,150,4442,18,0.519515,0.0779272
41101,165,4407,17,0.510097,0.084166
41201,157,4368,18,0.545464,0.0856378
41301,156,4482,19,0.521487,0.081352
41401,157,4439,19,0.515969,0.0810072
41501,160,4445,20,0.517388,0.0827821
41601,155,4402,20,0.498424,0.0772557
41701,135,4375,19,0.51469,0.0694832
41801,155,4434,20,0.541255,0.0838946
41901,155,4438,20,0.53496,0.0829188
42001,159,4432,21,0.449009,0.0713924
42101,159,4464,21,0.491278,0.0781133
42201,135,4423,21,0.504848,0.0681545
42301,142,4415,22,0.48424,0.0687621
42401,124,4405,19,0.552299,0.068485
42501,129,4414,18,0.526974,0.0679797
42601,134,4394,18,0.512278,0.0686452
42701,124,4410,19,0.530505,0.0657826
42801,121,4459,20,0.506193,0.0612494
42901,119,4476,22,0.467209,0.0555979
43001,129,4490,21,0.472181,0.0609114
43101,133,4463,22,0.532807,0.0708634
43201,122,4460,21,0.498099,0.060768
43301,119,4445,23,0.558703,0.0664857
43401,109,4441,24,0.463747,0.0505484
43501,120,4442,22,0.451509,0.0541811
43601,124,4474,22,0.464763,0.0576306
43701,125,4469,24,0.525444,0.0656805
43801,114,4448,21,0.511823,0.0583478
43901,112,4483,21,0.451384,0.0505551
44001,121,4473,22,0.549646,0.0665072
44101,107,4480,22,0.456079,0.0488005
44201,99,4450,21,0.564468,0.0558823
44301,105,4450,22,0.514151,0.0539858
44401,109,4450,20,0.502703,0.0547946
44501,98,4447,20,0.53705,0.0526309
44601,98,4463,20,0.493816,0.0483939
44701,81,4442,20,0.467984,0.0379067
44801,84,4501,20,0.464777,0.0390413
44901,93,4465,21,0.487129,0.045303
45001,92,4455,21,0.516502,0.0475182
45101,96,4456,21,0.488211,0.0468682
45201,94,4421,20,0.559252,0.0525697
45301,91,4430,21,0.463189,0.0421502
45401,90,4427,20,0.478224,0.0430402
45501,78,4467,20,0.568538,0.0443459
45601,85,4506,21,0.536227,0.0455793
45701,83,4506,21,0.480867,0.0399119
45801,92,4530,21,0.546163,0.050247
45901,89,4460,20,0.531313,0.0472868
46001,80,4496,21,0.445097,0.0356077
46101,76,4518,20,0.549265,0.0417441
46201,65,4439,20,0.54895,0.0356818
46301,70,4439,20,0.584487,0.0409141
46401,74,4475,20,0.464308,0.0343588
46501,78,4482,21,0.571205,0.044554
46601,65,4473,21,0.459456,0.0298646
46701,53,4451,21,0.515135,0.0273022
46801,63,4474,23,0.552595,0.0348135
46901,57,4456,21,0.496265,0.0282871
47001,55,4452,21,0.449016,0.0246959
47101,44,4461,21,0.484885,0.0213349
47201,49,4464,21,0.529164,0.0259291
47301,42,4474,21,0.528458,0.0221952
47401,44,4440,21,0.457478,0.020129
47501,45,4407,21,0.546883,0.0246097
47601,43,4427,21,0.530869,0.0228274
47701,39,4446,21,0.462396,0.0180334
47801,34,4470,21,0.450899,0.0153306
47901,31,4465,21,0.488809,0.0151531
48001,25,4425,21,0.403484,0.0100871
48101,20,4446,21,0.359908,0.00719816
48201,23,4436,21,0.474151,0.0109055
48301,22,4443,21,0.465135,0.010233
48401,18,4447,21,0.82842,0.0149116
48501,15,4433,21,0.517558,0.00776337
48601,13,4426,21,0.804504,0.0104586
48701,8,4423,21,0.523642,0.00418913
48801,9,4435,21,0.455504,0.00409954
48901,3,4447,21,0.564755,0.00169426
