cycle,Population_size,Deleterious_muts,Beneficial_muts,Mean_fitness,Intrinsic_fitness
1,1000,0,0,1.0,1.0
101,871,3978,41,0.496,0.432016
201,811,4432,45,0.488942,0.396532
301,797,4554,53,0.498383,0.397211
401,797,4518,56,0.50992,0.406406
501,801,4666,67,0.541996,0.434139
601,746,4764,61,0.502639,0.374968
701,773,4659,59,0.490216,0.378937
801,800,4863,64,0.498435,0.398748
901,744,4568,73,0.499291,0.371473
1001,757,4834,49,0.499769,0.378325
1101,786,4927,60,0.522167,0.410423
1201,741,4903,71,0.490623,0.363551
1301,776,4954,60,0.475413,0.36892
1401,756,4881,57,0.480681,0.363395
1501,761,4833,72,0.518181,0.394336
1601,710,4807,52,0.484221,0.343797
1701,735,4912,65,0.523684,0.384908
1801,738,5010,74,0.489032,0.360906
1901,740,4982,70,0.503392,0.37251
2001,695,4894,73,0.513897,0.357159
2101,706,5058,61,0.515681,0.36407
2201,735,4934,68,0.481164,0.353656
2301,710,5106,71,0.522681,0.371103
2401,756,4984,64,0.514577,0.38902
2501,715,5199,76,0.485715,0.347286
2601,734,4963,70,0.4794,0.35188
2701,720,5091,73,0.492746,0.354777
2801,725,5102,65,0.477493,0.346183
2901,711,5191,67,0.499596,0.355213
3001,704,5010,79,0.503262,0.354296
3101,735,5142,71,0.524002,0.385142
3201,690,5111,60,0.476519,0.328798
3301,715,5053,75,0.514802,0.368084
3401,673,5057,73,0.499375,0.33608
3501,710,5218,68,0.499165,0.354407
3601,692,5113,71,0.494995,0.342537
3701,709,5084,63,0.52191,0.370034
3801,688,5174,70,0.479705,0.330037
3901,705,5183,65,0.516212,0.363929
4001,670,5091,65,0.495274,0.331834
4101,704,5038,62,0.491339,0.345903
4201,736,5185,68,0.536877,0.395141
4301,708,5126,82,0.470628,0.333205
4401,688,5159,91,0.483376,0.332563
4501,736,5310,91,0.504645,0.371419
4601,741,5093,81,0.508477,0.376782
4701,727,5079,83,0.521262,0.378957
4801,682,5133,85,0.497077,0.339006
4901,696,5063,91,0.528291,0.36769
5001,731,5212,82,0.50532,0.369389
5101,683,5260,89,0.496712,0.339254
5201,700,5331,99,0.487428,0.3412
5301,704,5309,97,0.495589,0.348895
5401,679,5261,99,0.493141,0.334843
5501,703,5361,103,0.499929,0.35145
5601,725,5268,97,0.506651,0.367322
5701,720,5388,97,0.478976,0.344863
5801,726,5457,87,0.501547,0.364123
5901,710,5299,95,0.490355,0.348152
6001,715,5427,101,0.504323,0.360591
6101,751,5334,92,0.520152,0.390634
6201,742,5371,95,0.510726,0.378958
6301,731,5446,93,0.496515,0.362952
6401,697,5355,87,0.525141,0.366023
6501,689,5338,94,0.503038,0.346593
6601,684,5367,97,0.503412,0.344334
6701,670,5282,93,0.504039,0.337706
6801,676,5261,95,0.51383,0.347349
6901,673,5220,88,0.512089,0.344636
7001,704,5312,103,0.507193,0.357064
7101,712,5311,96,0.525761,0.374342
7201,677,5421,124,0.482305,0.326521
7301,691,5374,106,0.516938,0.357204
7401,704,5338,109,0.49031,0.345178
7501,690,5369,108,0.517687,0.357204
7601,687,5311,109,0.513686,0.352902
7701,714,5408,102,0.507031,0.36202
7801,676,5320,104,0.508152,0.343511
7901,705,5459,121,0.506694,0.35722
8001,718,5313,123,0.517298,0.37142
8101,710,5261,117,0.500317,0.355225
8201,710,5382,112,0.506973,0.359951
8301,697,5403,110,0.498216,0.347257
8401,699,5273,119,0.490464,0.342835
8501,682,5291,111,0.517488,0.352927
8601,699,5377,116,0.488276,0.341305
8701,667,5348,118,0.50076,0.334007
8801,691,5360,101,0.503833,0.348149
8901,684,5358,106,0.51042,0.349127
9001,693,5401,113,0.497671,0.344886
9101,720,5284,125,0.472061,0.339884
9201,693,5431,126,0.48648,0.337131
9301,683,5462,132,0.486673,0.332398
9401,687,5421,117,0.524057,0.360027
9501,674,5295,122,0.508152,0.342495
9601,687,5344,106,0.500371,0.343755
9701,688,5342,113,0.483227,0.33246
9801,697,5402,135,0.509756,0.3553
9901,672,5436,124,0.481155,0.323336
10001,714,5582,113,0.508356,0.362966
10101,686,5222,119,0.510264,0.350041
10201,653,5277,113,0.504765,0.329611
10301,670,5322,115,0.501845,0.336236
10401,685,5478,114,0.481716,0.329976
10501,664,5348,117,0.515861,0.342531
10601,706,5412,127,0.469256,0.331294
10701,661,5222,123,0.508523,0.336134
10801,663,5306,126,0.510848,0.338692
10901,688,5411,121,0.49819,0.342755
11001,679,5401,123,0.479038,0.325267
11101,691,5480,124,0.486194,0.33596
11201,665,5470,130,0.487755,0.324357
11301,660,5533,119,0.47787,0.315395
11401,661,5485,111,0.503613,0.332888
11501,700,5416,125,0.495839,0.347087
11601,690,5513,134,0.51647,0.356364
11701,639,5340,126,0.522954,0.334167
11801,620,5418,124,0.494533,0.306611
11901,638,5460,126,0.522986,0.333665
12001,689,5394,126,0.495168,0.341171
12101,673,5368,127,0.505982,0.340526
12201,646,5522,122,0.517078,0.334032
12301,628,5319,117,0.524715,0.329521
12401,636,5301,122,0.515656,0.327957
12501,671,5380,141,0.501666,0.336618
12601,649,5476,129,0.505258,0.327912
12701,668,5509,131,0.483793,0.323173
12801,668,5449,125,0.520518,0.347706
12901,679,5402,138,0.520349,0.353317
13001,678,5576,130,0.478318,0.324299
13101,685,5451,134,0.5168,0.354008
13201,652,5443,142,0.519037,0.338412
13301,665,5474,131,0.519278,0.34532
13401,654,5556,139,0.508558,0.332597
13501,692,5595,141,0.493605,0.341575
13601,649,5446,156,0.515074,0.334283
13701,652,5508,155,0.526951,0.343572
13801,646,5591,148,0.487857,0.315156
13901,671,5523,156,0.495288,0.332338
14001,662,5509,154,0.505489,0.334633
14101,658,5482,145,0.510598,0.335973
14201,663,5473,135,0.512988,0.340111
14301,665,5526,134,0.537653,0.35754
14401,652,5453,147,0.502495,0.327627
14501,664,5480,151,0.527722,0.350408
14601,639,5550,151,0.499261,0.319028
14701,653,5618,138,0.51325,0.335152
14801,598,5521,138,0.510986,0.30557
14901,623,5557,141,0.493529,0.307469
15001,635,5687,144,0.488608,0.310266
15101,652,5736,138,0.474984,0.30969
15201,663,5625,153,0.490247,0.325033
15301,691,5712,134,0.511358,0.353348
15401,658,5549,144,0.490359,0.322656
15501,650,5766,150,0.504741,0.328082
15601,697,5662,147,0.521744,0.363656
15701,656,5872,154,0.478018,0.31358
15801,658,5615,143,0.49882,0.328224
15901,642,5634,154,0.487719,0.313116
16001,619,5640,162,0.489424,0.302953
16101,672,5524,155,0.497718,0.334466
16201,626,5560,166,0.504713,0.31595
16301,670,5674,152,0.527514,0.353434
16401,658,5685,170,0.508429,0.334546
16501,620,5579,162,0.49996,0.309975
16601,656,5609,168,0.511027,0.335234
16701,629,5574,161,0.486706,0.306138
16801,669,5541,160,0.512251,0.342696
16901,654,5473,158,0.502922,0.328911
17001,638,5695,143,0.496153,0.316545
17101,673,5610,153,0.490813,0.330317
17201,658,5607,156,0.512137,0.336986
17301,651,5653,147,0.50552,0.329094
17401,609,5563,157,0.499622,0.30427
17501,649,5599,155,0.515286,0.334421
17601,678,5631,166,0.512115,0.347214
17701,624,5685,166,0.517243,0.32276
17801,622,5590,156,0.513386,0.319326
17901,672,5701,159,0.512732,0.344556
18001,653,5555,163,0.5008,0.327022
18101,627,5708,161,0.499919,0.313449
18201,617,5549,160,0.496917,0.306598
18301,625,5762,168,0.519068,0.324417
18401,625,5769,161,0.505758,0.316099
18501,629,5696,155,0.515878,0.324487
18601,602,5767,155,0.505887,0.304544
18701,597,5639,159,0.501165,0.299196
18801,623,5695,163,0.498563,0.310605
18901,649,5707,162,0.491846,0.319208
19001,610,5644,166,0.530605,0.323669
19101,623,5689,171,0.511069,0.318396
19201,596,5620,172,0.517468,0.308411
19301,622,5592,167,0.526995,0.327791
19401,601,5678,170,0.497228,0.298834
19501,645,5735,164,0.521325,0.336255
19601,632,5535,175,0.492888,0.311505
19701,647,5723,165,0.480803,0.311079
19801,628,5760,174,0.49297,0.309585
19901,637,5745,169,0.531667,0.338672
20001,613,5762,165,0.502997,0.308337
20101,615,5777,166,0.460131,0.282981
20201,626,5696,172,0.516049,0.323047
20301,618,5564,159,0.513939,0.317614
20401,596,5583,171,0.50085,0.298507
20501,595,5591,154,0.510359,0.303664
20601,592,5563,160,0.505554,0.299288
20701,599,5683,158,0.525024,0.31449
20801,595,5540,160,0.502776,0.299151
20901,614,5722,167,0.516034,0.316845
21001,620,5727,168,0.504145,0.31257
21101,606,5699,164,0.521346,0.315936
21201,629,5722,172,0.507626,0.319297
21301,632,5743,174,0.489591,0.309422
21401,581,5598,170,0.512332,0.297665
21501,623,5712,179,0.481142,0.299752
21601,614,5803,165,0.512586,0.314728
21701,605,5742,176,0.49846,0.301568
21801,600,5606,172,0.503983,0.30239
21901,599,5615,168,0.50503,0.302513
22001,597,5620,181,0.521614,0.311404
22101,634,5696,163,0.481391,0.305202
22201,598,5788,176,0.519458,0.310636
22301,583,5737,159,0.496737,0.289598
22401,601,5674,179,0.488448,0.293557
22501,597,5739,179,0.503513,0.300597
22601,584,5699,190,0.517375,0.302147
22701,551,5754,179,0.509804,0.280902
22801,587,5737,183,0.503919,0.295801
22901,569,5638,187,0.496899,0.282736
23001,569,5660,191,0.48868,0.278059
23101,600,5754,172,0.488743,0.293246
23201,548,5686,183,0.498803,0.273344
23301,613,5799,182,0.498232,0.305416
23401,587,5777,189,0.49593,0.291111
23501,612,5629,187,0.503216,0.307968
23601,580,5686,186,0.515043,0.298725
23701,588,5767,177,0.499913,0.293949
23801,555,5701,183,0.515911,0.286331
23901,576,5706,181,0.516185,0.297323
24001,583,5714,184,0.48803,0.284522
24101,590,5691,190,0.488193,0.288034
24201,604,5664,196,0.523749,0.316344
24301,575,5762,196,0.513396,0.295203
24401,593,5811,193,0.502783,0.298151
24501,579,5910,202,0.513271,0.297184
24601,571,5812,196,0.515526,0.294365
24701,615,5954,197,0.512997,0.315493
24801,561,5813,200,0.481228,0.269969
24901,609,5915,194,0.472623,0.287827
25001,580,5768,204,0.5003,0.290174
25101,575,5694,198,0.491111,0.282389
25201,587,5841,190,0.501517,0.294391
25301,588,5859,185,0.490855,0.288623
25401,547,5821,191,0.478275,0.261617
25501,559,5882,194,0.487261,0.272379
25601,585,5847,190,0.515331,0.301469
25701,561,5780,189,0.50437,0.282951
25801,575,5788,184,0.513804,0.295437
25901,560,5703,189,0.503075,0.281722
26001,567,5771,188,0.47932,0.271774
26101,574,5711,186,0.489851,0.281174
26201,552,5730,209,0.555474,0.306622
26301,617,5788,204,0.512062,0.315942
26401,559,5714,201,0.531545,0.297134
26501,564,5782,203,0.531723,0.299892
26601,589,5900,194,0.534948,0.315084
26701,568,5807,195,0.483721,0.274754
26801,605,5825,207,0.496996,0.300683
26901,557,5851,210,0.513007,0.285745
27001,572,5764,202,0.502449,0.287401
27101,554,5832,205,0.498166,0.275984
27201,544,5840,199,0.508585,0.27667
27301,577,5810,198,0.515662,0.297537
27401,575,5826,201,0.499911,0.287449
27501,565,5754,209,0.51272,0.289687
27601,597,5791,207,0.489825,0.292426
27701,564,5818,202,0.512762,0.289198
27801,581,5804,199,0.504408,0.293061
27901,573,5826,202,0.496809,0.284671
28001,562,5764,213,0.501444,0.281812
28101,567,5870,213,0.511261,0.289885
28201,563,5772,213,0.497011,0.279817
28301,575,5831,213,0.485563,0.279199
28401,565,5785,213,0.515871,0.291467
28501,568,5819,208,0.474881,0.269732
28601,538,5873,202,0.502611,0.270405
28701,540,5856,215,0.517948,0.279692
28801,554,5915,210,0.49521,0.274346
28901,559,5978,211,0.511415,0.285881
29001,607,6006,226,0.487086,0.295661
29101,593,6113,224,0.495169,0.293635
29201,568,5998,221,0.519343,0.294987
29301,553,5908,209,0.527458,0.291684
29401,544,5878,222,0.490034,0.266579
29501,537,5797,220,0.53275,0.286087
29601,566,5952,224,0.50794,0.287494
29701,540,5831,223,0.51984,0.280714
29801,543,5813,224,0.487053,0.26447
29901,525,5859,224,0.510428,0.267975
30001,547,5839,224,0.500495,0.273771
30101,554,5878,218,0.495523,0.27452
30201,539,5843,218,0.473426,0.255177
30301,526,5858,224,0.507641,0.267019
30401,522,5969,221,0.498743,0.260344
30501,549,5916,227,0.510629,0.280335
30601,555,5933,215,0.494437,0.274412
30701,537,5909,236,0.484817,0.260346
30801,548,5966,221,0.521112,0.285569
30901,555,5978,232,0.499093,0.276996
31001,559,6019,232,0.513387,0.286983
31101,560,5985,223,0.488616,0.273625
31201,546,5855,224,0.491932,0.268595
31301,537,5856,231,0.503051,0.270138
31401,557,5972,231,0.504757,0.28115
31501,554,6062,230,0.492213,0.272686
31601,547,5989,226,0.505388,0.276447
31701,553,6068,227,0.522224,0.28879
31801,554,5959,232,0.500576,0.277319
31901,529,5876,225,0.522419,0.27636
32001,549,6005,236,0.504129,0.276767
32101,538,5961,230,0.494337,0.265953
32201,539,5912,232,0.503183,0.271216
32301,537,5978,232,0.510896,0.274351
32401,564,5969,234,0.530881,0.299417
32501,549,6028,223,0.514372,0.28239
32601,542,6023,227,0.496129,0.268902
32701,540,6066,225,0.522967,0.282402
32801,519,5891,230,0.531348,0.275769
32901,541,6015,224,0.523705,0.283324
33001,594,5986,225,0.51057,0.303279
33101,518,6042,237,0.528262,0.27364
33201,518,5969,232,0.524781,0.271837
33301,530,6080,236,0.508493,0.269501
33401,536,5933,237,0.529179,0.28364
33501,546,6114,235,0.468422,0.255758
33601,541,6090,232,0.507316,0.274458
33701,523,5927,250,0.509873,0.266664
33801,519,5996,235,0.510102,0.264743
33901,546,6013,229,0.477138,0.260518
34001,510,5971,234,0.532325,0.271486
34101,513,5935,241,0.520351,0.26694
34201,495,5958,243,0.531316,0.263001
34301,534,6026,237,0.515734,0.275402
34401,535,5981,234,0.461789,0.247057
34501,519,6106,239,0.513926,0.266727
34601,539,6052,247,0.497803,0.268316
34701,525,6071,252,0.537601,0.282241
34801,505,5932,248,0.511569,0.258342
34901,508,6070,251,0.493653,0.250776
35001,513,6074,252,0.50413,0.258619
35101,501,5951,241,0.487259,0.244117
35201,466,5921,243,0.505978,0.235786
35301,501,6042,236,0.475247,0.238099
35401,521,6146,248,0.498822,0.259886
35501,506,6069,241,0.506397,0.256237
35601,512,6074,245,0.519759,0.266117
35701,517,6095,246,0.468158,0.242038
35801,495,6032,254,0.517959,0.25639
35901,494,5935,243,0.486028,0.240098
36001,492,6074,229,0.517426,0.254574
36101,481,5928,243,0.489444,0.235422
36201,499,6112,233,0.486198,0.242613
36301,504,6015,232,0.521594,0.262883
36401,510,6174,240,0.485324,0.247515
36501,502,6068,243,0.529035,0.265576
36601,514,5992,239,0.504811,0.259473
36701,476,6022,239,0.476228,0.226684
36801,492,6049,236,0.522051,0.256849
36901,491,5859,241,0.511155,0.250977
37001,508,5942,236,0.506587,0.257346
37101,503,5948,246,0.522297,0.262715
37201,503,5959,232,0.513725,0.258404
37301,486,5989,242,0.506875,0.246341
37401,456,5978,246,0.493855,0.225198
37501,501,5984,239,0.499574,0.250287
37601,456,6016,245,0.467742,0.21329
37701,490,6019,254,0.486531,0.2384
37801,491,5969,257,0.493964,0.242536
37901,475,6021,233,0.499259,0.237148
38001,471,5972,237,0.504004,0.237386
38101,489,5965,245,0.532227,0.260259
38201,468,6061,245,0.507649,0.23758
38301,480,6050,252,0.494651,0.237433
38401,473,6031,242,0.538897,0.254898
38501,479,5949,253,0.514372,0.246384
38601,464,5989,256,0.538699,0.249957
38701,492,6097,247,0.491059,0.241601
38801,452,6006,246,0.510538,0.230763
38901,457,6021,240,0.522076,0.238589
39001,457,6125,249,0.468893,0.214284
39101,450,6027,246,0.47702,0.214659
39201,468,6021,245,0.499552,0.23379
39301,462,6004,250,0.499893,0.230951
39401,482,6057,259,0.484668,0.23361
39501,469,6065,246,0.503861,0.236311
39601,478,5919,246,0.518247,0.247722
39701,446,5914,249,0.508525,0.226802
39801,451,5981,249,0.503368,0.227019
39901,470,6227,254,0.511937,0.24061
40001,478,6030,243,0.507376,0.242526
40101,447,6003,243,0.545262,0.243732
40201,451,5988,240,0.477106,0.215175
40301,459,6080,243,0.502111,0.230469
40401,432,6035,254,0.520206,0.224729
40501,435,6036,247,0.49165,0.213868
40601,461,6196,250,0.501263,0.231082
40701,457,6265,254,0.500172,0.228579
40801,456,6055,256,0.517493,0.235977
40901,429,5951,262,0.497959,0.213625
41001,467,6091,264,0.500648,0.233802
41101,438,6037,247,0.488578,0.213997
41201,450,6005,259,0.505112,0.227301
41301,467,6018,255,0.521037,0.243324
41401,442,6050,256,0.503015,0.222332
41501,428,6017,264,0.514905,0.220379
41601,478,6188,265,0.50851,0.243068
41701,462,6091,263,0.51931,0.239921
41801,445,6067,264,0.492032,0.218954
41901,419,6099,261,0.489363,0.205043
42001,431,6036,253,0.499726,0.215382
42101,408,5943,255,0.485027,0.197891
42201,438,5995,252,0.510434,0.22357
42301,439,6061,261,0.502343,0.220529
42401,439,6081,248,0.480229,0.21082
42501,438,6092,256,0.518316,0.227023
42601,454,6045,254,0.498147,0.226159
42701,444,6088,256,0.506084,0.224701
42801,463,6199,255,0.479817,0.222155
42901,423,6034,255,0.505527,0.213838
43001,424,6064,257,0.51015,0.216303
43101,431,6085,263,0.482905,0.208132
43201,436,6044,265,0.505693,0.220482
43301,435,6090,259,0.517265,0.22501
43401,414,6092,264,0.528304,0.218718
43501,405,6090,261,0.506699,0.205213
43601,416,6016,264,0.497493,0.206957
43701,447,6036,269,0.531643,0.237644
43801,390,6073,273,0.509317,0.198634
43901,403,6006,272,0.492277,0.198388
44001,409,6038,262,0.469675,0.192097
44101,410,6050,257,0.513632,0.210589
44201,426,6026,259,0.493657,0.210298
44301,413,5942,261,0.480354,0.198386
44401,440,6053,256,0.518069,0.227951
44501,423,5955,261,0.529195,0.223849
44601,393,5888,267,0.528569,0.207728
44701,404,5988,256,0.491495,0.198564
44801,425,6079,264,0.498093,0.21169
44901,397,6045,256,0.496317,0.197038
45001,390,6065,268,0.468941,0.182887
45101,395,6053,264,0.486687,0.192241
45201,423,6144,262,0.493634,0.208807
45301,426,6155,256,0.460058,0.195985
45401,398,6042,251,0.488355,0.194365
45501,393,6016,262,0.530187,0.208364
45601,404,6118,254,0.499337,0.201732
45701,405,6192,264,0.490234,0.198545
45801,382,6172,263,0.503273,0.19225
45901,408,6216,273,0.514344,0.209852
46001,413,6144,259,0.501115,0.20696
46101,382,6102,261,0.532019,0.203231
46201,388,6052,257,0.514173,0.199499
46301,411,6059,261,0.475689,0.195508
46401,383,6046,266,0.507981,0.194557
46501,405,6099,262,0.483486,0.195812
46601,377,6097,256,0.490566,0.184943
46701,387,6115,256,0.485556,0.18791
46801,384,6099,260,0.515453,0.197934
46901,355,5865,258,0.503689,0.17881
47001,362,5960,257,0.512751,0.185616
47101,349,6139,263,0.495837,0.173047
47201,354,6003,267,0.490601,0.173673
47301,363,6043,271,0.505727,0.183579
47401,385,6105,261,0.456547,0.175771
47501,385,6035,266,0.538804,0.207439
47601,373,5968,273,0.495508,0.184824
47701,380,6141,276,0.493951,0.187701
47801,352,5999,277,0.47561,0.167415
47901,352,6015,273,0.47117,0.165852
48001,392,6073,263,0.521486,0.204423
48101,371,6036,266,0.48333,0.179315
48201,320,6012,273,0.514374,0.1646
48301,358,6021,268,0.504292,0.180537
48401,350,6051,278,0.497577,0.174152
48501,399,6180,272,0.494789,0.197421
48601,372,6038,269,0.49387,0.18372
48701,344,5878,284,0.512786,0.176398
48801,335,6012,277,0.52447,0.175697
48901,328,5972,273,0.52666,0.172745
49001,382,6004,266,0.535293,0.204482
49101,351,6110,278,0.50264,0.176427
49201,357,6075,279,0.503956,0.179912
49301,351,5996,284,0.516747,0.181378
49401,365,6128,278,0.488938,0.178463
49501,373,6170,279,0.503609,0.187846
49601,359,6088,280,0.512783,0.184089
49701,358,6070,279,0.482489,0.172731
49801,349,6117,276,0.498535,0.173989
49901,347,6141,275,0.494353,0.171541
50001,336,6076,274,0.48563,0.163172
50101,312,6007,276,0.516948,0.161288
50201,328,6072,279,0.518457,0.170054
50301,359,6033,280,0.533891,0.191667
50401,317,6062,289,0.486337,0.154169
50501,347,6202,286,0.555705,0.19283
50601,340,6064,281,0.488338,0.166035
50701,340,6116,278,0.528523,0.179698
50801,339,6088,276,0.491929,0.166764
50901,313,6074,277,0.523503,0.163856
51001,306,6008,284,0.530008,0.162182
51101,344,6090,286,0.461463,0.158743
51201,325,6074,277,0.512099,0.166432
51301,358,6075,284,0.487826,0.174642
51401,331,6031,292,0.531992,0.176089
51501,309,6027,279,0.493437,0.152472
51601,325,6069,282,0.522489,0.169809
51701,335,6181,282,0.458387,0.15356
51801,310,6046,287,0.490347,0.152008
51901,303,6019,285,0.515416,0.156171
52001,314,6017,284,0.467211,0.146704
52101,310,6016,283,0.515861,0.159917
52201,312,6008,284,0.501705,0.156532
52301,311,6052,287,0.524578,0.163144
52401,304,6054,293,0.497304,0.151181
52501,314,6041,277,0.482682,0.151562
52601,327,6050,285,0.444805,0.145451
52701,308,6056,290,0.530174,0.163294
52801,297,6073,281,0.529902,0.157381
52901,312,5965,283,0.517528,0.161469
53001,304,6044,279,0.503036,0.152923
53101,298,6118,278,0.504147,0.150236
53201,300,6017,287,0.474661,0.142398
53301,319,6137,284,0.506197,0.161477
53401,285,6020,289,0.494332,0.140885
53501,289,6041,292,0.519,0.149991
53601,298,6139,290,0.502806,0.149836
53701,275,6003,286,0.530966,0.146016
53801,304,5996,282,0.503134,0.152953
53901,288,5984,292,0.51424,0.148101
54001,277,6016,291,0.491178,0.136056
54101,303,6023,296,0.485035,0.146966
54201,299,6030,299,0.523084,0.156402
54301,279,5979,289,0.5233,0.146001
54401,275,5900,300,0.473764,0.130285
54501,272,6001,294,0.465683,0.126666
54601,284,6053,287,0.50572,0.143624
54701,277,6070,290,0.510165,0.141316
54801,267,5947,289,0.500479,0.133628
54901,286,6122,291,0.482905,0.138111
55001,261,6028,293,0.494466,0.129056
55101,274,5982,294,0.520069,0.142499
55201,284,6051,291,0.509829,0.144792
55301,288,6013,289,0.517087,0.148921
55401,297,6031,291,0.511069,0.151787
55501,278,6143,294,0.486703,0.135303
55601,273,5996,292,0.49862,0.136123
55701,263,6043,294,0.493722,0.129849
55801,281,6101,295,0.483869,0.135967
55901,275,6095,286,0.536222,0.147461
56001,260,5964,293,0.507201,0.131872
56101,260,6093,297,0.479088,0.124563
56201,258,6093,296,0.513443,0.132468
56301,254,5987,299,0.466879,0.118587
56401,245,5949,298,0.53503,0.131082
56501,260,6032,296,0.538896,0.140113
56601,248,6050,301,0.519568,0.128853
56701,271,6006,303,0.514533,0.139438
56801,247,5977,301,0.518748,0.128131
56901,244,6020,298,0.49275,0.120231
57001,254,5984,301,0.480648,0.122085
57101,257,6028,300,0.512775,0.131783
57201,245,6061,296,0.504024,0.123486
57301,250,6053,302,0.480314,0.120078
57401,242,6067,300,0.452792,0.109576
57501,219,6030,299,0.508096,0.111273
57601,246,6055,301,0.470724,0.115798
57701,240,6043,300,0.514235,0.123416
57801,231,6028,298,0.510915,0.118021
57901,237,5991,301,0.474585,0.112477
58001,237,6019,301,0.507223,0.120212
58101,233,6077,306,0.479769,0.111786
58201,234,6080,303,0.508064,0.118887
58301,231,6149,298,0.495286,0.114411
58401,233,6079,301,0.483302,0.112609
58501,211,6018,297,0.4928,0.103981
58601,239,6039,304,0.544581,0.130155
58701,213,6042,306,0.501934,0.106912
58801,231,6048,312,0.475218,0.109775
58901,208,6010,308,0.54329,0.113004
59001,225,6071,305,0.467534,0.105195
59101,218,6036,306,0.525694,0.114601
59201,219,5976,303,0.497813,0.109021
59301,227,6037,306,0.488319,0.110849
59401,201,6024,308,0.491459,0.0987833
59501,217,6043,307,0.520103,0.112862
59601,212,6062,303,0.475895,0.10089
59701,226,6076,300,0.502314,0.113523
59801,201,6020,305,0.53773,0.108084
59901,248,6114,306,0.496761,0.123197
60001,197,5981,309,0.536551,0.105701
60101,191,6079,311,0.524729,0.100223
60201,189,6006,313,0.499704,0.0944441
60301,183,5990,313,0.533698,0.0976667
60401,195,6016,315,0.496569,0.0968309
60501,198,6032,317,0.499742,0.0989488
60601,205,6037,310,0.493419,0.101151
60701,210,6064,306,0.498169,0.104616
60801,175,5952,308,0.513246,0.089818
60901,193,6072,310,0.492486,0.0950498
61001,189,5979,312,0.480832,0.0908773
61101,188,6029,305,0.441482,0.0829987
61201,173,5967,311,0.482357,0.0834477
61301,188,6002,310,0.443651,0.0834063
61401,204,6063,306,0.555834,0.11339
61501,195,6078,312,0.47163,0.0919678
61601,194,6014,303,0.5454,0.105808
61701,203,6060,309,0.508245,0.103174
61801,177,5962,309,0.514833,0.0911254
61901,171,6030,312,0.516548,0.0883297
62001,179,5966,306,0.455973,0.0816191
62101,163,5996,311,0.528663,0.086172
62201,176,6046,311,0.506964,0.0892257
62301,176,6030,312,0.475909,0.08376
62401,164,6002,313,0.513972,0.0842915
62501,150,6064,314,0.520113,0.078017
62601,176,6045,309,0.492718,0.0867183
62701,153,5983,310,0.565218,0.0864784
62801,164,6017,317,0.480115,0.0787388
62901,154,6015,314,0.508443,0.0783002
63001,171,6132,312,0.486963,0.0832706
63101,164,6066,324,0.510484,0.0837194
63201,157,6051,317,0.47419,0.0744479
63301,165,6039,314,0.526609,0.0868904
63401,168,6074,316,0.454757,0.0763991
63501,159,6032,314,0.528774,0.0840751
63601,156,6055,314,0.522296,0.0814782
63701,143,6018,315,0.517728,0.0740351
63801,174,6046,313,0.52524,0.0913917
63901,161,6033,315,0.493601,0.0794697
64001,160,6107,319,0.480299,0.0768478
64101,149,6039,317,0.536215,0.0798961
64201,153,6083,315,0.50339,0.0770187
64301,156,6030,316,0.470694,0.0734283
64401,164,6039,311,0.512183,0.083998
64501,163,6148,314,0.473258,0.0771411
64601,130,6049,314,0.485663,0.0631362
64701,144,6076,312,0.486162,0.0700073
64801,133,6046,308,0.465312,0.0618865
64901,142,6062,312,0.537388,0.0763091
65001,129,6069,311,0.462129,0.0596147
65101,149,6120,310,0.509258,0.0758794
65201,139,6082,311,0.492845,0.0685055
65301,137,6050,316,0.51934,0.0711496
65401,131,6047,314,0.500078,0.0655102
65501,127,6041,313,0.465603,0.0591315
65601,131,6030,313,0.47482,0.0622014
65701,141,6054,315,0.542443,0.0764844
65801,132,6084,313,0.521349,0.0688181
65901,134,6100,313,0.52964,0.0709718
66001,110,6045,317,0.470271,0.0517298
66101,120,6073,319,0.560901,0.0673082
66201,112,6056,317,0.445415,0.0498865
66301,117,6051,316,0.493936,0.0577905
66401,129,6065,313,0.655864,0.0846064
66501,107,6087,313,0.504754,0.0540087
66601,117,6078,316,0.459085,0.0537129
66701,96,5988,316,0.466009,0.0447368
66801,122,6049,319,0.517225,0.0631015
66901,112,6107,315,0.48035,0.0537992
67001,111,6036,318,0.492664,0.0546857
67101,107,6031,313,0.548681,0.0587089
67201,108,6093,314,0.56739,0.0612781
67301,104,6093,314,0.525813,0.0546846
67401,103,6054,316,0.487407,0.050203
67501,104,6083,314,0.437815,0.0455327
67601,93,6098,314,0.497466,0.0462644
67701,90,6116,318,0.517813,0.0466032
67801,88,6093,316,0.4825,0.04246
67901,100,6087,317,0.505485,0.0505485
68001,94,6112,315,0.508499,0.0477989
68101,84,6096,316,0.440922,0.0370374
68201,91,6088,313,0.522753,0.0475705
68301,87,6124,312,0.510258,0.0443924
68401,86,6121,316,0.530647,0.0456356
68501,90,6085,317,0.513137,0.0461823
68601,88,6144,314,0.571938,0.0503306
68701,80,6124,317,0.504404,0.0403523
68801,75,6114,315,0.516594,0.0387446
68901,75,6067,319,0.576322,0.0432241
69001,86,6107,319,0.467601,0.0402137
69101,70,6090,320,0.495768,0.0347038
69201,86,6155,321,0.462773,0.0397984
69301,61,6091,317,0.476818,0.0290859
69401,74,6129,319,0.472521,0.0349665
69501,68,6140,316,0.449959,0.0305972
69601,74,6111,320,0.568953,0.0421025
69701,67,6084,319,0.497737,0.0333484
69801,60,6111,318,0.490052,0.0294031
69901,53,6144,324,0.537056,0.028464
70001,65,6139,319,0.496703,0.0322857
70101,53,6107,322,0.466397,0.024719
70201,63,6121,321,0.480047,0.030243
70301,44,6133,320,0.456888,0.0201031
70401,40,6123,320,0.469583,0.0187833
70501,40,6092,321,0.549992,0.0219997
70601,43,6115,321,0.516618,0.0222146
70701,51,6138,322,0.438174,0.0223469
70801,48,6132,324,0.476843,0.0228885
70901,46,6146,322,0.517859,0.0238215
71001,48,6156,325,0.44807,0.0215074
71101,39,6143,324,0.551425,0.0215056
71201,35,6131,321,0.553904,0.0193867
71301,37,6139,325,0.471956,0.0174624
71401,41,6160,323,0.570023,0.0233709
71501,33,6139,322,0.496299,0.0163779
71601,28,6160,324,0.485818,0.0136029
71701,32,6172,326,0.514858,0.0164755
71801,27,6161,322,0.58925,0.0159098
71901,39,6198,324,0.486999,0.018993
72001,25,6184,324,0.526242,0.013156
72101,29,6205,325,0.545282,0.0158132
72201,27,6225,326,0.413794,0.0111724
72301,25,6210,324,0.485418,0.0121355
72401,21,6219,325,0.50755,0.0106585
72501,26,6236,325,0.474443,0.0123355
72601,15,6230,325,0.514162,0.00771242
72701,19,6226,324,0.510104,0.00969198
72801,16,6234,325,0.444538,0.00711261
72901,14,6239,324,0.597671,0.0083674
73001,11,6239,326,0.625786,0.00688365
73101,7,6259,324,0.427162,0.00299014
73201,4,6252,324,1.08251,0.00433003
