cycle,Population_size,Deleterious_muts,Beneficial_muts,Mean_fitness,Intrinsic_fitness
1,1000,0,0,1.0,1.0
101,835,3964,42,0.524311,0.437799
201,851,4296,53,0.496784,0.422763
301,830,4585,60,0.494708,0.410608
401,811,4578,60,0.497285,0.403298
501,782,4604,56,0.51334,0.401431
601,735,4677,73,0.494837,0.363705
701,798,4746,49,0.517933,0.413311
801,751,4685,60,0.52145,0.391609
901,754,4731,56,0.508422,0.38335
1001,724,4803,57,0.480596,0.347951
1101,724,4808,58,0.503632,0.36463
1201,743,4886,67,0.511284,0.379884
1301,725,4932,65,0.538555,0.390453
1401,759,4934,68,0.506354,0.384323
1501,758,4992,77,0.503613,0.381739
1601,763,4963,68,0.492696,0.375927
1701,740,5034,73,0.493144,0.364927
1801,720,4865,68,0.49715,0.357948
1901,751,5016,68,0.515468,0.387117
2001,722,5087,68,0.492544,0.355617
2101,738,5097,57,0.502207,0.370629
2201,748,5145,80,0.501138,0.374851
2301,735,5120,85,0.496191,0.3647
2401,712,5013,59,0.495267,0.35263
2501,705,5021,77,0.500267,0.352688
2601,740,5026,80,0.494792,0.366146
2701,748,5073,79,0.517934,0.387415
2801,753,5041,87,0.486755,0.366527
2901,715,5079,91,0.488786,0.349482
3001,675,5040,76,0.502899,0.339457
3101,712,5117,79,0.502483,0.357768
3201,725,5096,78,0.491137,0.356075
3301,705,5002,88,0.493221,0.347721
3401,733,5055,77,0.492237,0.36081
3501,678,5068,87,0.502249,0.340525
3601,704,5026,80,0.488094,0.343618
3701,705,5018,76,0.503353,0.354864
3801,717,5049,81,0.513972,0.368518
3901,683,5015,72,0.500204,0.341639
4001,682,5106,72,0.507051,0.345809
4101,698,5168,80,0.497496,0.347252
4201,687,5003,83,0.493319,0.33891
4301,673,5096,89,0.508904,0.342492
4401,680,5122,98,0.496889,0.337884
4501,704,4991,96,0.501969,0.353386
4601,709,5185,102,0.492491,0.349176
4701,702,5243,91,0.510678,0.358496
4801,728,5273,91,0.503174,0.366311
4901,731,5116,86,0.499228,0.364936
5001,686,5159,97,0.494216,0.339032
5101,730,5168,96,0.503291,0.367403
5201,688,4960,96,0.504267,0.346936
5301,720,5200,84,0.486952,0.350606
5401,683,5197,88,0.498778,0.340666
5501,677,4999,86,0.525615,0.355842
5601,685,5069,82,0.51706,0.354186
5701,700,5161,89,0.514211,0.359948
5801,727,5462,91,0.522955,0.380188
5901,714,5168,91,0.512366,0.365829
6001,718,5328,93,0.485074,0.348283
6101,687,5242,103,0.50048,0.34383
6201,697,5330,103,0.489221,0.340987
6301,689,5220,96,0.518744,0.357415
6401,689,5354,105,0.503137,0.346661
6501,712,5452,103,0.517993,0.368811
6601,699,5331,106,0.511771,0.357728
6701,719,5355,102,0.485127,0.348807
6801,706,5359,98,0.490049,0.345975
6901,696,5356,91,0.494323,0.344049
7001,719,5344,99,0.496708,0.357133
7101,696,5245,96,0.531504,0.369927
7201,714,5363,104,0.50724,0.362169
7301,692,5400,105,0.509924,0.352867
7401,726,5454,114,0.51018,0.37039
7501,674,5385,102,0.497997,0.33565
7601,711,5223,108,0.503096,0.357701
7701,700,5401,106,0.488144,0.341701
7801,695,5417,95,0.473988,0.329422
7901,711,5315,95,0.526333,0.374223
8001,712,5312,99,0.50429,0.359054
8101,706,5426,93,0.517341,0.365243
8201,671,5259,99,0.474131,0.318142
8301,696,5307,99,0.482486,0.33581
8401,713,5448,100,0.474531,0.33834
8501,693,5439,111,0.500928,0.347143
8601,697,5497,98,0.516389,0.359923
8701,707,5438,106,0.513987,0.363389
8801,701,5369,106,0.503613,0.353033
8901,668,5321,115,0.50821,0.339484
9001,687,5306,127,0.484602,0.332922
9101,704,5422,99,0.523438,0.368501
9201,643,5352,105,0.499201,0.320986
9301,680,5230,110,0.492611,0.334976
9401,677,5314,106,0.49161,0.33282
9501,660,5213,106,0.489356,0.322975
9601,694,5271,106,0.515441,0.357716
9701,636,5235,101,0.502912,0.319852
9801,658,5379,107,0.512964,0.33753
9901,705,5485,104,0.507293,0.357641
10001,636,5230,101,0.498198,0.316854
10101,663,5377,113,0.491734,0.32602
10201,634,5516,112,0.482315,0.305788
10301,629,5205,117,0.514134,0.32339
10401,661,5299,111,0.531385,0.351245
10501,691,5287,108,0.479673,0.331454
10601,640,5303,109,0.515494,0.329916
10701,672,5284,111,0.505841,0.339925
10801,650,5281,127,0.514674,0.334538
10901,650,5196,115,0.509112,0.330923
11001,638,5368,115,0.502085,0.32033
11101,672,5360,120,0.53084,0.356724
11201,639,5333,121,0.487767,0.311683
11301,647,5355,111,0.516047,0.333883
11401,648,5309,114,0.500696,0.324451
11501,651,5255,138,0.488957,0.318311
11601,682,5257,129,0.540478,0.368606
11701,658,5270,121,0.502023,0.330331
11801,647,5332,125,0.5021,0.324859
11901,638,5301,120,0.474334,0.302625
12001,629,5218,113,0.514567,0.323663
12101,632,5427,112,0.515884,0.326039
12201,613,5264,117,0.496889,0.304593
12301,669,5344,121,0.485617,0.324878
12401,637,5377,120,0.506326,0.32253
12501,615,5279,126,0.503065,0.309385
12601,650,5394,120,0.527532,0.342896
12701,679,5471,132,0.502362,0.341104
12801,658,5366,126,0.490313,0.322626
12901,660,5309,125,0.483918,0.319386
13001,614,5303,128,0.49542,0.304188
13101,665,5283,133,0.502861,0.334403
13201,647,5386,118,0.501098,0.324211
13301,633,5366,119,0.486878,0.308194
13401,651,5434,125,0.508039,0.330734
13501,648,5413,122,0.514647,0.333491
13601,650,5299,130,0.501793,0.326165
13701,655,5550,109,0.495284,0.324411
13801,628,5429,117,0.511741,0.321373
13901,636,5445,122,0.49887,0.317281
14001,674,5508,105,0.518526,0.349486
14101,634,5341,111,0.502602,0.318649
14201,639,5272,111,0.510494,0.326206
14301,623,5293,125,0.486423,0.303042
14401,606,5424,125,0.515887,0.312627
14501,643,5487,122,0.51347,0.330161
14601,613,5373,127,0.524177,0.321321
14701,681,5530,120,0.493,0.335733
14801,655,5519,135,0.505456,0.331074
14901,616,5252,123,0.498726,0.307215
15001,626,5422,123,0.473469,0.296391
15101,643,5479,134,0.501433,0.322422
15201,626,5380,132,0.518469,0.324562
15301,635,5580,133,0.484244,0.307495
15401,680,5602,134,0.49169,0.334349
15501,646,5385,131,0.494508,0.319452
15601,629,5436,136,0.484057,0.304472
15701,614,5422,117,0.49127,0.30164
15801,632,5325,135,0.500355,0.316225
15901,661,5541,129,0.509423,0.336728
16001,622,5451,125,0.490276,0.304952
16101,607,5436,127,0.509867,0.309489
16201,630,5393,133,0.517068,0.325753
16301,643,5477,131,0.53387,0.343278
16401,641,5402,130,0.497085,0.318632
16501,582,5378,121,0.513323,0.298754
16601,602,5354,124,0.507691,0.30563
16701,629,5528,131,0.50611,0.318343
16801,641,5445,133,0.516826,0.331285
16901,615,5555,137,0.521826,0.320923
17001,608,5476,129,0.500669,0.304407
17101,570,5417,130,0.502936,0.286674
17201,599,5422,119,0.531082,0.318118
17301,630,5265,132,0.517851,0.326246
17401,628,5428,124,0.507934,0.318982
17501,620,5525,124,0.48793,0.302516
17601,602,5411,128,0.504333,0.303609
17701,597,5494,125,0.518276,0.309411
17801,597,5319,133,0.503787,0.300761
17901,567,5507,136,0.4911,0.278454
18001,622,5431,135,0.511851,0.318371
18101,569,5254,128,0.525163,0.298817
18201,609,5400,129,0.494306,0.301033
18301,621,5426,142,0.493763,0.306627
18401,624,5396,130,0.491369,0.306614
18501,603,5335,130,0.495254,0.298638
18601,579,5376,136,0.523841,0.303304
18701,575,5355,133,0.504546,0.290114
18801,595,5419,144,0.515803,0.306903
18901,596,5330,135,0.498038,0.296831
19001,611,5547,156,0.509313,0.311191
19101,600,5414,149,0.497688,0.298613
19201,596,5551,155,0.506984,0.302162
19301,586,5501,148,0.517856,0.303464
19401,589,5470,137,0.503053,0.296298
19501,620,5482,154,0.486811,0.301823
19601,582,5441,136,0.507585,0.295414
19701,568,5571,151,0.480744,0.273062
19801,557,5634,145,0.498674,0.277761
19901,575,5584,161,0.48874,0.281025
20001,607,5587,159,0.479452,0.291027
20101,587,5553,160,0.507876,0.298123
20201,595,5593,153,0.494217,0.294059
20301,599,5527,147,0.485753,0.290966
20401,563,5561,140,0.490494,0.276148
20501,579,5604,146,0.492387,0.285092
20601,563,5554,150,0.492647,0.27736
20701,607,5604,152,0.512101,0.310845
20801,616,5666,147,0.499406,0.307634
20901,561,5557,145,0.49909,0.279989
21001,569,5685,158,0.47897,0.272534
21101,590,5673,145,0.504616,0.297724
21201,593,5604,148,0.486293,0.288372
21301,596,5637,163,0.498345,0.297014
21401,522,5603,156,0.519577,0.271219
21501,575,5545,165,0.494505,0.28434
21601,534,5524,161,0.504931,0.269633
21701,566,5450,166,0.488608,0.276552
21801,568,5564,153,0.49065,0.278689
21901,579,5663,158,0.508875,0.294639
22001,589,5660,155,0.510124,0.300463
22101,564,5616,149,0.505257,0.284965
22201,558,5588,146,0.5024,0.280339
22301,556,5620,154,0.50784,0.282359
22401,588,5585,153,0.510868,0.300391
22501,579,5475,152,0.52226,0.302389
22601,543,5517,155,0.521208,0.283016
22701,563,5518,161,0.533371,0.300288
22801,588,5746,150,0.498047,0.292852
22901,589,5525,157,0.534693,0.314934
23001,572,5632,165,0.515057,0.294613
23101,570,5642,163,0.500109,0.285062
23201,529,5557,161,0.510587,0.270101
23301,548,5522,182,0.483065,0.264719
23401,561,5690,178,0.482924,0.27092
23501,556,5650,175,0.498572,0.277206
23601,559,5676,170,0.497296,0.277988
23701,565,5620,158,0.505581,0.285653
23801,564,5576,153,0.514631,0.290252
23901,548,5620,153,0.500642,0.274352
24001,554,5560,167,0.50911,0.282047
24101,578,5531,162,0.486288,0.281074
24201,585,5506,166,0.515488,0.301561
24301,548,5559,160,0.497311,0.272526
24401,579,5773,159,0.506494,0.29326
24501,543,5709,164,0.489395,0.265742
24601,547,5794,167,0.482103,0.26371
24701,541,5622,173,0.530116,0.286793
24801,588,5639,168,0.496341,0.291848
24901,537,5666,168,0.505172,0.271277
25001,545,5712,170,0.490881,0.26753
25101,558,5743,177,0.490177,0.273519
25201,570,5672,167,0.499147,0.284514
25301,531,5599,167,0.488974,0.259645
25401,578,5752,185,0.504213,0.291435
25501,516,5575,182,0.517009,0.266777
25601,544,5620,184,0.495383,0.269488
25701,565,5720,173,0.50035,0.282698
25801,548,5756,177,0.48646,0.26658
25901,506,5837,174,0.47861,0.242177
26001,539,5728,179,0.503421,0.271344
26101,587,5636,165,0.510567,0.299703
26201,581,5758,176,0.491696,0.285675
26301,554,5633,174,0.513522,0.284491
26401,556,5702,164,0.490207,0.272555
26501,565,5686,173,0.503359,0.284398
26601,573,5690,184,0.488604,0.27997
26701,560,5777,179,0.495435,0.277443
26801,549,5814,189,0.459281,0.252145
26901,550,5844,177,0.505192,0.277856
27001,510,5765,170,0.510507,0.260359
27101,544,5726,172,0.497366,0.270567
27201,585,5784,177,0.490691,0.287054
27301,545,5724,180,0.509431,0.27764
27401,543,5697,175,0.520017,0.282369
27501,545,5716,170,0.5042,0.274789
27601,555,5784,174,0.494885,0.274661
27701,521,5569,177,0.534503,0.278476
27801,505,5582,175,0.505963,0.255511
27901,532,5635,166,0.525183,0.279397
28001,550,5789,178,0.499225,0.274574
28101,519,5667,169,0.505267,0.262234
28201,517,5811,178,0.499474,0.258228
28301,552,5684,176,0.534476,0.295031
28401,513,5673,181,0.500114,0.256558
28501,539,5755,180,0.505622,0.27253
28601,496,5717,182,0.509427,0.252676
28701,509,5624,178,0.515189,0.262231
28801,519,5674,175,0.501652,0.260357
28901,506,5690,182,0.515689,0.260939
29001,519,5730,183,0.501468,0.260262
29101,503,5717,179,0.547342,0.275313
29201,539,5890,172,0.487178,0.262589
29301,531,5818,179,0.493005,0.261786
29401,485,5684,173,0.505986,0.245403
29501,516,5783,189,0.535978,0.276565
29601,494,5705,177,0.516596,0.255198
29701,512,5788,184,0.499374,0.25568
29801,504,5824,172,0.522083,0.26313
29901,489,5809,183,0.514828,0.251751
30001,524,5789,178,0.517188,0.271007
30101,501,5745,185,0.486986,0.24398
30201,523,5729,184,0.508869,0.266138
30301,500,5726,181,0.482616,0.241308
30401,476,5796,182,0.48289,0.229855
30501,503,5710,187,0.490104,0.246522
30601,483,5630,188,0.503837,0.243353
30701,511,5747,180,0.490964,0.250883
30801,483,5773,186,0.507249,0.245001
30901,500,5686,182,0.503894,0.251947
31001,465,5608,176,0.52376,0.243548
31101,484,5700,184,0.50309,0.243496
31201,481,5644,182,0.492941,0.237105
31301,489,5628,174,0.510048,0.249414
31401,464,5726,179,0.488746,0.226778
31501,469,5603,179,0.543868,0.255074
31601,495,5584,175,0.524775,0.259764
31701,468,5681,179,0.524571,0.245499
31801,491,5688,182,0.489807,0.240495
31901,472,5732,188,0.501912,0.236902
32001,454,5635,186,0.518799,0.235535
32101,496,5642,182,0.501626,0.248807
32201,478,5654,185,0.502385,0.24014
32301,466,5578,184,0.512178,0.238675
32401,473,5611,185,0.533339,0.252269
32501,484,5698,178,0.507165,0.245468
32601,458,5546,185,0.532791,0.244018
32701,456,5628,190,0.512676,0.23378
32801,452,5558,190,0.511798,0.231333
32901,488,5651,183,0.522419,0.254941
33001,448,5650,190,0.484802,0.217191
33101,481,5701,191,0.517231,0.248788
33201,454,5625,186,0.534742,0.242773
33301,468,5697,197,0.494636,0.23149
33401,464,5638,192,0.500456,0.232212
33501,423,5525,192,0.510926,0.216122
33601,468,5576,186,0.489974,0.229308
33701,435,5578,193,0.517512,0.225118
33801,445,5632,180,0.476992,0.212262
33901,459,5489,186,0.536961,0.246465
34001,463,5599,204,0.484049,0.224115
34101,478,5662,203,0.481768,0.230285
34201,468,5530,203,0.490555,0.22958
34301,470,5636,193,0.506568,0.238087
34401,479,5594,193,0.485938,0.232764
34501,466,5552,193,0.499282,0.232665
34601,459,5583,195,0.528523,0.242592
34701,456,5681,204,0.491484,0.224117
34801,474,5815,195,0.481305,0.228138
34901,448,5757,197,0.508898,0.227986
35001,428,5578,203,0.530934,0.22724
35101,464,5735,204,0.505644,0.234619
35201,444,5547,192,0.508138,0.225613
35301,414,5600,190,0.495444,0.205114
35401,417,5651,189,0.5025,0.209542
35501,473,5631,190,0.533915,0.252542
35601,439,5657,200,0.490233,0.215212
35701,459,5569,199,0.498733,0.228918
35801,442,5663,207,0.49386,0.218286
35901,459,5680,197,0.482316,0.221383
36001,454,5654,192,0.508544,0.230879
36101,451,5709,203,0.52134,0.235124
36201,465,5805,212,0.477146,0.221873
36301,445,5729,208,0.511755,0.227731
36401,398,5568,193,0.529483,0.210734
36501,431,5619,199,0.532746,0.229613
36601,449,5740,203,0.511182,0.229521
36701,448,5652,202,0.489222,0.219172
36801,420,5644,187,0.504064,0.211707
36901,409,5684,194,0.498653,0.203949
37001,451,5627,199,0.503692,0.227165
37101,381,5616,198,0.470584,0.179293
37201,429,5600,196,0.514558,0.220745
37301,423,5670,196,0.532846,0.225394
37401,421,5748,190,0.497072,0.209267
37501,435,5709,182,0.535451,0.232921
37601,437,5684,194,0.52443,0.229176
37701,427,5707,196,0.485963,0.207506
37801,441,5720,202,0.514158,0.226744
37901,417,5794,200,0.488943,0.203889
38001,422,5740,211,0.499058,0.210603
38101,428,5695,201,0.496367,0.212445
38201,438,5644,203,0.540822,0.23688
38301,424,5721,209,0.506275,0.21466
38401,399,5678,203,0.507675,0.202563
38501,423,5647,201,0.501649,0.212198
38601,396,5632,206,0.481468,0.190661
38701,407,5749,203,0.517412,0.210587
38801,421,5805,200,0.506227,0.213121
38901,418,5679,196,0.497798,0.20808
39001,412,5659,189,0.497017,0.204771
39101,407,5793,197,0.475333,0.193461
39201,411,5689,184,0.496328,0.203991
39301,404,5689,200,0.477511,0.192915
39401,409,5727,210,0.51773,0.211752
39501,393,5631,197,0.496998,0.19532
39601,364,5662,206,0.506057,0.184205
39701,394,5630,210,0.502811,0.198108
39801,372,5592,208,0.478425,0.177974
39901,400,5719,206,0.521934,0.208774
40001,404,5716,202,0.531232,0.214618
40101,373,5724,204,0.487703,0.181913
40201,413,5672,207,0.49421,0.204109
40301,430,5722,207,0.483174,0.207765
40401,403,5743,207,0.49575,0.199787
40501,397,5606,203,0.494085,0.196152
40601,372,5664,213,0.498477,0.185434
40701,394,5709,209,0.513701,0.202398
40801,396,5674,212,0.48474,0.191957
40901,432,5798,209,0.480876,0.207738
41001,378,5682,203,0.478483,0.180867
41101,377,5742,198,0.531839,0.200503
41201,401,5770,207,0.504154,0.202166
41301,393,5661,208,0.512014,0.201221
41401,379,5694,208,0.485738,0.184095
41501,364,5555,210,0.498193,0.181342
41601,391,5660,208,0.509916,0.199377
41701,376,5672,206,0.536611,0.201766
41801,363,5710,214,0.516376,0.187445
41901,366,5586,198,0.489041,0.178989
42001,381,5596,199,0.505338,0.192534
42101,363,5624,194,0.503865,0.182903
42201,362,5590,200,0.501404,0.181508
42301,347,5571,202,0.494574,0.171617
42401,342,5600,201,0.506418,0.173195
42501,342,5555,204,0.531635,0.181819
42601,350,5722,200,0.526711,0.184349
42701,351,5638,201,0.496109,0.174134
42801,347,5587,206,0.485077,0.168322
42901,359,5679,199,0.473573,0.170013
43001,365,5744,212,0.484399,0.176806
43101,361,5754,208,0.508101,0.183425
43201,372,5757,205,0.500784,0.186292
43301,356,5669,202,0.514832,0.18328
43401,369,5709,212,0.524097,0.193392
43501,343,5750,209,0.50658,0.173757
43601,373,5728,206,0.520294,0.19407
43701,356,5685,208,0.48038,0.171015
43801,369,5709,205,0.522419,0.192773
43901,343,5726,219,0.488462,0.167542
44001,344,5700,210,0.495315,0.170388
44101,342,5667,207,0.543853,0.185998
44201,362,5775,210,0.469321,0.169894
44301,363,5643,206,0.499373,0.181273
44401,346,5675,212,0.517418,0.179027
44501,358,5703,208,0.453702,0.162425
44601,347,5683,222,0.472771,0.164052
44701,343,5716,210,0.491046,0.168429
44801,315,5585,203,0.46031,0.144998
44901,348,5637,204,0.469825,0.163499
45001,329,5647,207,0.495371,0.162977
45101,351,5757,212,0.499136,0.175197
45201,341,5695,215,0.525004,0.179026
45301,342,5692,215,0.512736,0.175356
45401,333,5672,215,0.49773,0.165744
45501,337,5752,212,0.506087,0.170551
45601,343,5722,212,0.501106,0.171879
45701,336,5777,213,0.50403,0.169354
45801,344,5708,216,0.552985,0.190227
45901,348,5838,220,0.486883,0.169435
46001,312,5729,208,0.550789,0.171846
46101,344,5765,215,0.553407,0.190372
46201,335,5849,212,0.516735,0.173106
46301,319,5717,205,0.474503,0.151366
46401,319,5823,211,0.475513,0.151689
46501,339,5854,206,0.517837,0.175547
46601,322,5757,215,0.474782,0.15288
46701,301,5659,216,0.498832,0.150149
46801,283,5719,208,0.466121,0.131912
46901,293,5732,212,0.493445,0.144579
47001,290,5765,214,0.50016,0.145046
47101,287,5705,210,0.501362,0.143891
47201,293,5709,206,0.486316,0.14249
47301,313,5669,202,0.483363,0.151293
47401,343,5827,213,0.488805,0.16766
47501,279,5673,209,0.473746,0.132175
47601,303,5674,212,0.46983,0.142358
47701,295,5704,213,0.460433,0.135828
47801,279,5648,199,0.508842,0.141967
47901,287,5740,205,0.527644,0.151434
48001,296,5624,205,0.492976,0.145921
48101,295,5726,205,0.519522,0.153259
48201,260,5591,214,0.497068,0.129238
48301,299,5674,210,0.494168,0.147756
48401,265,5642,210,0.45283,0.12
48501,271,5582,206,0.499501,0.135365
48601,254,5592,204,0.472238,0.119949
48701,257,5585,211,0.529299,0.13603
48801,266,5599,204,0.505624,0.134496
48901,289,5671,204,0.502649,0.145266
49001,281,5716,206,0.48878,0.137347
49101,279,5665,209,0.501347,0.139876
49201,292,5725,204,0.48574,0.141836
49301,268,5655,205,0.52098,0.139623
49401,262,5573,214,0.460212,0.120576
49501,261,5640,210,0.484313,0.126406
49601,251,5612,208,0.481343,0.120817
49701,267,5704,214,0.522396,0.13948
49801,255,5661,213,0.519986,0.132597
49901,260,5653,216,0.473203,0.123033
