cycle,Population_size,Deleterious_muts,Beneficial_muts,Mean_fitness,Intrinsic_fitness
1,1000,0,0,1.0,1.0
101,883,3955,3,0.498992,0.44061
201,820,4295,6,0.519678,0.426136
301,783,4595,8,0.492023,0.385254
401,795,4706,7,0.490374,0.389847
501,817,4757,11,0.486109,0.397151
601,771,4798,7,0.508756,0.392251
701,766,4793,7,0.523489,0.400993
801,781,4828,6,0.490013,0.3827
901,740,4799,7,0.471295,0.348758
1001,759,4829,5,0.491286,0.372886
1101,758,4982,6,0.507492,0.384679
1201,744,4907,12,0.519437,0.386461
1301,728,4928,4,0.502347,0.365709
1401,702,4877,6,0.503265,0.353292
1501,731,4904,7,0.497596,0.363743
1601,739,4868,4,0.513888,0.379763
1701,726,4984,3,0.500096,0.36307
1801,721,4886,4,0.492835,0.355334
1901,738,5117,7,0.486792,0.359253
2001,719,4993,3,0.490374,0.352579
2101,725,5057,2,0.498851,0.361667
2201,720,5022,3,0.518868,0.373585
2301,708,5115,6,0.507221,0.359113
2401,725,5044,3,0.500237,0.362672
2501,718,5018,4,0.488122,0.350472
2601,708,4879,4,0.510956,0.361757
2701,707,4987,6,0.503666,0.356092
2801,711,5141,3,0.506838,0.360362
2901,687,5058,2,0.484262,0.332688
3001,719,5038,6,0.514043,0.369597
3101,706,5127,4,0.500522,0.353369
3201,733,5098,6,0.522643,0.383097
3301,708,5214,6,0.495904,0.3511
3401,723,5153,6,0.517063,0.373837
3501,706,5143,6,0.518707,0.366207
3601,682,5311,8,0.487151,0.332237
3701,728,5287,7,0.482965,0.351598
3801,678,5045,4,0.499706,0.338801
3901,668,4876,6,0.504595,0.337069
4001,701,4960,4,0.518571,0.363518
4101,684,5085,8,0.490732,0.335661
4201,738,5048,9,0.510946,0.377078
4301,693,5106,8,0.513054,0.355546
4401,676,5082,10,0.527777,0.356777
4501,705,5122,11,0.490997,0.346153
4601,710,5189,12,0.504729,0.358357
4701,692,5199,14,0.520284,0.360036
4801,707,5297,11,0.493432,0.348856
4901,698,5243,14,0.499492,0.348645
5001,664,5209,11,0.49515,0.328779
5101,688,5202,11,0.496374,0.341505
5201,656,5152,9,0.503872,0.33054
5301,698,5075,11,0.491834,0.3433
5401,651,5053,11,0.528766,0.344227
5501,641,4939,8,0.501861,0.321693
5601,661,5004,8,0.515028,0.340434
5701,660,4956,8,0.484166,0.31955
5801,639,5134,6,0.494515,0.315995
5901,682,5127,7,0.490076,0.334232
6001,646,5292,12,0.507205,0.327655
6101,662,5192,11,0.499749,0.330834
6201,654,5114,7,0.51357,0.335875
6301,637,5043,8,0.531938,0.338844
6401,659,5159,10,0.485592,0.320005
6501,650,5127,8,0.49113,0.319234
6601,652,5165,7,0.488159,0.318279
6701,664,5110,7,0.486587,0.323093
6801,639,5099,7,0.491757,0.314233
6901,637,5082,10,0.510044,0.324898
7001,636,4983,12,0.502235,0.319422
7101,612,4911,8,0.510197,0.312241
7201,604,4963,8,0.485233,0.293081
7301,620,5015,10,0.497062,0.308178
7401,631,5070,8,0.504749,0.318497
7501,634,4992,9,0.495933,0.314422
7601,637,5043,11,0.48938,0.311735
7701,658,5155,12,0.510828,0.336125
7801,666,5103,9,0.487327,0.32456
7901,637,5147,11,0.492789,0.313907
8001,616,5177,15,0.483111,0.297596
8101,609,5114,13,0.496744,0.302517
8201,638,5054,14,0.507333,0.323678
8301,657,5135,15,0.486273,0.319481
8401,664,5070,17,0.51742,0.343567
8501,617,5091,15,0.514139,0.317224
8601,638,5120,15,0.499161,0.318465
8701,643,5094,11,0.493235,0.31715
8801,633,5183,13,0.504908,0.319607
8901,616,5150,12,0.51285,0.315915
9001,610,5056,12,0.494969,0.301931
9101,615,5097,10,0.496564,0.305387
9201,636,5213,15,0.505359,0.321408
9301,622,5156,11,0.502824,0.312756
9401,597,5239,10,0.510356,0.304682
9501,639,5317,10,0.490234,0.31326
9601,621,5157,11,0.519827,0.322812
9701,630,5064,9,0.517377,0.325948
9801,581,5012,12,0.472741,0.274662
9901,623,4978,15,0.509335,0.317316
10001,612,4973,11,0.487462,0.298327
10101,573,4881,13,0.507538,0.29082
10201,618,5060,10,0.482932,0.298452
10301,572,4899,12,0.506435,0.289681
10401,563,4987,12,0.510648,0.287495
10501,591,5014,11,0.510586,0.301756
10601,607,5108,16,0.491578,0.298388
10701,589,5040,15,0.545563,0.321337
10801,591,4907,10,0.505248,0.298602
10901,585,4979,13,0.53058,0.310389
11001,604,4896,11,0.501221,0.302737
11101,595,4981,7,0.513278,0.305401
11201,585,5065,13,0.497951,0.291301
11301,622,5100,14,0.485308,0.301861
11401,605,5069,11,0.513883,0.310899
11501,577,5014,11,0.506537,0.292272
11601,577,4946,13,0.484647,0.279641
11701,579,5075,13,0.514952,0.298157
11801,561,5012,13,0.500578,0.280824
11901,572,4971,15,0.504128,0.288361
12001,578,4877,15,0.523301,0.302468
12101,570,4979,11,0.501735,0.285989
12201,598,5068,13,0.495088,0.296063
12301,603,5028,10,0.488733,0.294706
12401,570,4939,13,0.521495,0.297252
12501,554,4995,7,0.505128,0.279841
12601,539,4924,11,0.533024,0.2873
12701,564,4985,13,0.527643,0.297591
12801,549,5017,8,0.501888,0.275536
12901,589,5079,10,0.519631,0.306063
13001,603,5192,10,0.494201,0.298003
13101,586,5106,11,0.479319,0.280881
13201,590,5028,10,0.520931,0.307349
13301,565,4972,12,0.511215,0.288837
13401,576,5006,13,0.522099,0.300729
13501,560,4988,12,0.505937,0.283325
13601,576,4890,15,0.491081,0.282863
13701,551,4924,10,0.508595,0.280236
13801,565,5022,11,0.509524,0.287881
13901,583,4995,13,0.507112,0.295646
14001,569,5030,13,0.502097,0.285693
14101,540,4987,14,0.529806,0.286095
14201,544,5025,9,0.501494,0.272813
14301,564,5003,12,0.503429,0.283934
14401,570,5020,12,0.514957,0.293526
14501,560,4964,11,0.486414,0.272392
14601,558,4914,13,0.496067,0.276805
14701,544,4884,17,0.509685,0.277268
14801,529,4979,14,0.499641,0.26431
14901,550,4898,15,0.522338,0.287286
15001,558,5068,19,0.482254,0.269098
15101,556,5004,17,0.500408,0.278227
15201,558,5024,18,0.506489,0.282621
15301,530,4969,16,0.502146,0.266138
15401,527,5090,18,0.479076,0.252473
15501,540,4913,16,0.541657,0.292495
15601,535,5058,14,0.487626,0.26088
15701,562,5086,14,0.500131,0.281073
15801,512,4951,13,0.493682,0.252765
15901,499,5007,12,0.530978,0.264958
16001,543,5026,11,0.501815,0.272486
16101,479,4987,12,0.514015,0.246213
16201,549,5013,15,0.509021,0.279453
16301,546,4889,15,0.55248,0.301654
16401,537,4970,12,0.497645,0.267236
16501,504,4929,14,0.529765,0.267002
16601,548,4992,14,0.508048,0.27841
16701,507,4820,14,0.499326,0.253158
16801,548,4959,15,0.508664,0.278748
16901,543,4974,15,0.499186,0.271058
17001,532,4903,13,0.51978,0.276523
17101,512,4961,11,0.500982,0.256503
17201,530,5044,11,0.506608,0.268502
17301,496,4953,14,0.497775,0.246896
17401,542,5072,12,0.494959,0.268268
17501,521,4947,12,0.496249,0.258546
17601,501,4893,11,0.511744,0.256384
17701,532,4937,13,0.522068,0.27774
17801,516,4962,11,0.489221,0.252438
17901,484,4980,12,0.512903,0.248245
18001,522,5020,13,0.49976,0.260875
18101,549,4920,13,0.475642,0.261127
18201,514,5057,14,0.468738,0.240931
18301,498,4898,14,0.528055,0.262971
18401,503,4881,16,0.542009,0.272631
18501,530,4948,13,0.504106,0.267176
18601,492,4834,17,0.528027,0.259789
18701,501,4856,15,0.540137,0.270608
18801,481,4908,14,0.506794,0.243768
18901,470,4992,17,0.497277,0.23372
19001,500,5014,15,0.501866,0.250933
19101,486,4900,13,0.505323,0.245587
19201,494,4960,12,0.516929,0.255363
19301,489,4829,15,0.496318,0.2427
19401,506,4957,13,0.490162,0.248022
19501,467,4870,15,0.511973,0.239092
19601,492,4893,13,0.504832,0.248377
19701,481,4904,16,0.49916,0.240096
19801,473,4797,13,0.511858,0.242109
19901,506,4994,15,0.516973,0.261588
20001,467,4824,14,0.520148,0.242909
20101,476,4972,14,0.511487,0.243468
20201,487,4949,13,0.503924,0.245411
20301,484,4911,14,0.521874,0.252587
20401,531,4929,15,0.526923,0.279796
20501,450,4773,16,0.496975,0.223639
20601,487,4898,13,0.531791,0.258982
20701,482,5013,11,0.518592,0.249961
20801,461,4922,12,0.512688,0.236349
20901,467,4918,13,0.490122,0.228887
21001,458,5016,15,0.49327,0.225918
21101,460,4882,12,0.501202,0.230553
21201,456,4938,14,0.476628,0.217342
21301,453,4886,14,0.484986,0.219699
21401,447,4862,13,0.481282,0.215133
21501,454,4888,14,0.495276,0.224855
21601,478,4921,16,0.494166,0.236212
21701,476,4939,17,0.480193,0.228572
21801,467,4880,21,0.482083,0.225133
21901,420,4773,18,0.513714,0.21576
22001,427,4743,19,0.503791,0.215119
22101,432,4824,16,0.491211,0.212203
22201,452,4853,15,0.529769,0.239456
22301,462,4835,15,0.508957,0.235138
22401,432,4816,15,0.500732,0.216316
22501,442,4823,16,0.506258,0.223766
22601,443,4761,15,0.530193,0.234875
22701,438,4746,15,0.509127,0.222997
22801,419,4754,15,0.518835,0.217392
22901,450,4890,14,0.52122,0.234549
23001,444,4918,15,0.520792,0.231232
23101,471,4855,16,0.509768,0.240101
23201,459,5004,19,0.503087,0.230917
23301,471,4893,15,0.500189,0.235589
23401,426,4853,17,0.527227,0.224599
23501,417,4773,19,0.528014,0.220182
23601,433,4792,20,0.51359,0.222384
23701,436,4910,18,0.49499,0.215815
23801,449,4894,19,0.494945,0.22223
23901,411,4730,18,0.517325,0.21262
24001,440,4777,16,0.518014,0.227926
24101,414,4715,18,0.491672,0.203552
24201,409,4839,14,0.510093,0.208628
24301,407,4750,16,0.514853,0.209545
24401,423,4775,16,0.488571,0.206666
24501,424,4929,16,0.477436,0.202433
24601,411,4805,17,0.512215,0.210521
24701,409,4792,14,0.487193,0.199262
24801,433,4931,16,0.511941,0.221671
24901,431,4865,16,0.509979,0.219801
25001,423,4745,17,0.500641,0.211771
25101,415,4840,16,0.47836,0.19852
25201,406,4675,15,0.524868,0.213096
25301,415,4811,16,0.482057,0.200054
25401,418,4821,21,0.488112,0.204031
25501,424,4889,19,0.480304,0.203649
25601,405,4715,17,0.508984,0.206139
25701,371,4725,16,0.502466,0.186415
25801,381,4714,18,0.485346,0.184917
25901,412,4773,17,0.475577,0.195938
26001,382,4741,15,0.519489,0.198445
26101,421,4864,14,0.496118,0.208866
26201,389,4820,16,0.489052,0.190241
26301,366,4748,15,0.491104,0.179744
26401,406,4752,15,0.504958,0.205013
26501,404,4781,14,0.5129,0.207212
26601,391,4769,18,0.51528,0.201474
26701,374,4813,16,0.518316,0.19385
26801,409,4814,16,0.476408,0.194851
26901,408,4797,17,0.493668,0.201417
27001,395,4889,15,0.506237,0.199964
27101,394,4783,17,0.492047,0.193866
27201,380,4773,16,0.501089,0.190414
27301,375,4807,13,0.512851,0.192319
27401,382,4743,15,0.492705,0.188213
27501,377,4748,14,0.49634,0.18712
27601,377,4741,14,0.543869,0.205039
27701,386,4813,14,0.518202,0.200026
27801,371,4760,15,0.488972,0.181409
27901,380,4660,15,0.506243,0.192372
28001,422,4760,20,0.515189,0.21741
28101,394,4794,19,0.496933,0.195792
28201,382,4845,20,0.527628,0.201554
28301,380,4767,18,0.481499,0.18297
28401,360,4689,19,0.491586,0.176971
28501,356,4814,21,0.491737,0.175058
28601,378,4760,21,0.496471,0.187666
28701,343,4729,20,0.488008,0.167387
28801,365,4727,22,0.484591,0.176876
28901,396,4726,19,0.500478,0.198189
29001,402,4873,20,0.527463,0.21204
29101,384,4719,19,0.522974,0.200822
29201,374,4823,18,0.504395,0.188644
29301,389,4719,18,0.496732,0.193229
29401,365,4759,19,0.486308,0.177503
29501,351,4777,21,0.511449,0.179519
29601,335,4748,18,0.469886,0.157412
29701,367,4799,19,0.50874,0.186707
29801,348,4733,23,0.480036,0.167053
29901,340,4707,17,0.509939,0.173379
30001,357,4705,17,0.49115,0.175341
30101,364,4776,18,0.499891,0.18196
30201,345,4818,19,0.509623,0.17582
30301,337,4724,16,0.483685,0.163002
30401,356,4724,17,0.515768,0.183613
30501,361,4750,16,0.489133,0.176577
30601,340,4718,19,0.521821,0.177419
30701,334,4791,18,0.498754,0.166584
30801,348,4750,17,0.545386,0.189794
30901,349,4704,17,0.492385,0.171842
31001,375,4788,17,0.484009,0.181503
31101,310,4670,18,0.513891,0.159306
31201,340,4801,20,0.471383,0.16027
31301,346,4785,18,0.512898,0.177463
31401,337,4745,17,0.534036,0.17997
31501,335,4712,19,0.501799,0.168103
31601,345,4790,17,0.500814,0.172781
31701,340,4771,20,0.478282,0.162616
31801,311,4672,19,0.490576,0.152569
31901,338,4716,19,0.492538,0.166478
32001,297,4647,15,0.502152,0.149139
32101,326,4602,15,0.486302,0.158534
32201,343,4651,17,0.506088,0.173588
32301,326,4709,15,0.524457,0.170973
32401,315,4713,17,0.496342,0.156348
32501,313,4774,16,0.504808,0.158005
32601,318,4733,17,0.503428,0.16009
32701,334,4719,18,0.498843,0.166614
32801,318,4721,16,0.441402,0.140366
32901,330,4845,16,0.487044,0.160724
33001,342,4745,15,0.48075,0.164417
33101,312,4758,17,0.495403,0.154566
33201,323,4776,15,0.499183,0.161236
33301,303,4757,15,0.485728,0.147176
33401,308,4743,16,0.49502,0.152466
33501,309,4762,17,0.474481,0.146615
33601,323,4814,14,0.469255,0.151569
33701,320,4725,15,0.537272,0.171927
33801,288,4746,17,0.539157,0.155277
33901,302,4763,15,0.489733,0.147899
34001,319,4781,14,0.508777,0.1623
34101,300,4820,15,0.525418,0.157625
34201,299,4764,14,0.532621,0.159254
34301,274,4778,16,0.475772,0.130361
34401,275,4682,15,0.507118,0.139458
34501,297,4786,15,0.503717,0.149604
34601,276,4714,15,0.554922,0.153159
34701,298,4640,15,0.475032,0.14156
34801,302,4790,14,0.503715,0.152122
34901,321,4675,17,0.484153,0.155413
35001,296,4655,16,0.499368,0.147813
35101,292,4714,16,0.511222,0.149277
35201,295,4743,16,0.496638,0.146508
35301,274,4740,16,0.486302,0.133247
35401,279,4660,16,0.504038,0.140627
35501,280,4659,16,0.515755,0.144412
35601,254,4644,16,0.469806,0.119331
35701,246,4592,16,0.520407,0.12802
35801,287,4714,16,0.51229,0.147027
35901,275,4656,15,0.48768,0.134112
36001,267,4696,18,0.529701,0.14143
36101,256,4588,16,0.504656,0.129192
36201,262,4683,17,0.474608,0.124347
36301,249,4617,16,0.505109,0.125772
36401,262,4676,17,0.536165,0.140475
36501,276,4632,18,0.513612,0.141757
36601,259,4705,16,0.528884,0.136981
36701,265,4643,17,0.475663,0.126051
36801,262,4650,16,0.514401,0.134773
36901,256,4692,17,0.492735,0.12614
37001,246,4628,19,0.522108,0.128439
37101,239,4656,20,0.46897,0.112084
37201,251,4600,16,0.497513,0.124876
37301,263,4691,16,0.517668,0.136147
37401,245,4699,17,0.510977,0.125189
37501,262,4711,17,0.535917,0.14041
37601,229,4639,21,0.470696,0.107789
37701,264,4653,19,0.519733,0.137209
37801,244,4670,20,0.514296,0.125488
37901,235,4702,19,0.505181,0.118717
38001,227,4668,18,0.538496,0.122239
38101,222,4635,20,0.551332,0.122396
38201,251,4736,19,0.50525,0.126818
38301,239,4745,19,0.491346,0.117432
38401,245,4624,18,0.517693,0.126835
38501,227,4693,17,0.504699,0.114567
38601,213,4666,18,0.499369,0.106366
38701,229,4680,17,0.491993,0.112666
38801,243,4613,17,0.470443,0.114318
38901,227,4659,17,0.483365,0.109724
39001,223,4645,17,0.465449,0.103795
39101,227,4645,17,0.504982,0.114631
39201,214,4651,18,0.498468,0.106672
39301,201,4626,17,0.513085,0.10313
39401,232,4641,16,0.460399,0.106813
39501,204,4681,18,0.490653,0.100093
39601,224,4688,18,0.485499,0.108752
39701,200,4649,18,0.534433,0.106887
39801,211,4736,18,0.517284,0.109147
39901,218,4683,17,0.502242,0.109489
40001,208,4637,18,0.508025,0.105669
40101,220,4667,19,0.496966,0.109333
40201,205,4712,19,0.51942,0.106481
40301,181,4659,20,0.554332,0.100334
40401,214,4613,20,0.496976,0.106353
40501,179,4584,18,0.511523,0.0915626
40601,191,4617,18,0.522246,0.099749
40701,191,4602,17,0.490993,0.0937798
40801,188,4621,17,0.482942,0.0907932
40901,201,4673,16,0.497531,0.100004
41001,204,4576,18,0.49702,0.101392
41101,175,4602,17,0.511061,0.0894358
41201,198,4567,17,0.549275,0.108756
41301,177,4574,20,0.572899,0.101403
41401,185,4626,19,0.521397,0.0964584
41501,201,4665,17,0.526473,0.105821
41601,194,4558,17,0.52485,0.101821
41701,178,4616,17,0.562653,0.100152
41801,184,4650,16,0.478953,0.0881274
41901,186,4626,18,0.508736,0.0946248
42001,180,4610,18,0.500052,0.0900093
42101,177,4617,19,0.468801,0.0829777
42201,184,4632,17,0.49491,0.0910635
42301,168,4619,17,0.507202,0.0852099
42401,175,4660,19,0.479285,0.0838748
42501,159,4616,18,0.47085,0.0748652
42601,179,4683,18,0.519815,0.0930469
42701,152,4611,18,0.535767,0.0814366
42801,148,4557,19,0.562164,0.0832002
42901,180,4690,21,0.483957,0.0871122
43001,167,4610,20,0.457062,0.0763294
43101,149,4557,20,0.532979,0.0794139
43201,147,4626,21,0.496732,0.0730196
43301,151,4566,19,0.480781,0.072598
43401,142,4620,20,0.481468,0.0683685
43501,145,4617,20,0.529627,0.0767959
43601,148,4598,19,0.45814,0.0678047
43701,133,4583,20,0.559335,0.0743915
43801,168,4627,18,0.54839,0.0921296
43901,152,4657,19,0.506852,0.0770415
44001,148,4615,18,0.530587,0.0785269
44101,161,4586,19,0.553287,0.0890791
44201,129,4529,19,0.469769,0.0606002
44301,157,4619,18,0.483159,0.0758559
44401,145,4526,19,0.578694,0.0839106
44501,136,4516,18,0.474476,0.0645287
44601,138,4575,19,0.531462,0.0733418
44701,134,4596,18,0.506465,0.0678662
44801,120,4596,19,0.521369,0.0625643
44901,148,4648,18,0.464596,0.0687602
45001,116,4579,20,0.514403,0.0596707
45101,147,4673,19,0.51352,0.0754875
45201,132,4654,19,0.495995,0.0654714
45301,117,4632,19,0.479789,0.0561353
45401,120,4561,18,0.488096,0.0585715
45501,148,4693,19,0.504306,0.0746373
45601,124,4603,20,0.503762,0.0624665
45701,139,4670,18,0.503351,0.0699657
45801,125,4616,18,0.552204,0.0690255
45901,117,4571,18,0.526832,0.0616394
46001,114,4638,18,0.453286,0.0516746
46101,116,4586,19,0.485465,0.056314
46201,120,4596,18,0.471918,0.0566302
46301,127,4614,19,0.47936,0.0608787
46401,119,4609,20,0.615458,0.0732395
46501,113,4558,19,0.539257,0.0609361
46601,113,4597,19,0.475263,0.0537048
46701,125,4618,21,0.51715,0.0646438
46801,117,4669,19,0.519465,0.0607774
46901,103,4630,19,0.553558,0.0570165
47001,111,4623,19,0.508125,0.0564018
47101,109,4601,19,0.51929,0.0566026
47201,87,4594,19,0.479962,0.0417567
47301,97,4579,20,0.527933,0.0512095
47401,106,4607,20,0.512667,0.0543427
47501,103,4633,20,0.511556,0.0526902
47601,90,4570,19,0.460341,0.0414307
47701,90,4635,19,0.575848,0.0518263
47801,108,4646,20,0.540519,0.0583761
47901,104,4627,19,0.470521,0.0489342
48001,103,4633,19,0.541304,0.0557544
48101,82,4583,20,0.58803,0.0482185
48201,75,4607,22,0.47394,0.0355455
48301,74,4566,19,0.521285,0.0385751
48401,91,4673,19,0.48587,0.0442141
48501,78,4610,19,0.495017,0.0386113
48601,81,4633,19,0.521777,0.042264
48701,73,4615,19,0.501322,0.0365965
48801,87,4649,19,0.472727,0.0411272
48901,75,4631,19,0.591189,0.0443391
49001,67,4564,19,0.660391,0.0442462
49101,65,4610,19,0.499593,0.0324735
49201,61,4608,19,0.495387,0.0302186
49301,55,4592,19,0.534748,0.0294111
49401,60,4623,19,0.540143,0.0324086
49501,59,4622,19,0.510532,0.0301214
49601,61,4624,19,0.474937,0.0289711
49701,59,4632,19,0.467942,0.0276086
49801,56,4631,19,0.511435,0.0286404
49901,53,4648,19,0.512768,0.0271767
50001,49,4622,19,0.590172,0.0289184
50101,35,4601,19,0.439521,0.0153832
50201,42,4597,19,0.453709,0.0190558
50301,41,4608,20,0.534383,0.0219097
50401,39,4602,19,0.487098,0.0189968
50501,36,4597,19,0.485518,0.0174786
50601,43,4616,19,0.433846,0.0186554
50701,26,4610,19,0.487949,0.0126867
50801,33,4614,20,0.632652,0.0208775
50901,26,4606,19,0.400234,0.0104061
51001,27,4601,19,0.532666,0.014382
51101,17,4609,19,0.610488,0.0103783
51201,20,4598,19,0.519262,0.0103852
51301,15,4616,19,0.506948,0.00760423
51401,20,4633,19,0.435242,0.00870485
51501,18,4629,19,0.395022,0.0071104
51601,19,4650,19,0.554206,0.0105299
51701,16,4644,19,0.45566,0.00729056
51801,10,4644,19,0.500765,0.00500765
51901,9,4673,19,0.940347,0.00846313
52001,9,4666,19,0.477325,0.00429592
52101,5,4671,19,0.434142,0.00217071
52201,2,4685,19,0.397355,0.00079471
