cycle,Population_size,Deleterious_muts,Beneficial_muts,Mean_fitness,Intrinsic_fitness
1,1000,0,0,1.0,1.0
101,815,3949,0,0.516275,0.420764
201,833,4319,0,0.52415,0.436617
301,812,4470,0,0.530689,0.430919
401,788,4628,0,0.497048,0.391674
501,768,4634,0,0.501816,0.385395
601,790,4719,0,0.516966,0.408403
701,775,4696,0,0.522849,0.405208
801,774,4754,0,0.503185,0.389465
901,747,4804,0,0.503198,0.375889
1001,776,4834,0,0.500641,0.388497
1101,755,4916,0,0.482982,0.364651
1201,742,5002,0,0.492537,0.365462
1301,720,5019,0,0.518759,0.373506
1401,729,5154,0,0.515269,0.375631
1501,739,4896,0,0.51542,0.380895
1601,731,4940,0,0.535942,0.391773
1701,735,4945,0,0.496115,0.364644
1801,741,4814,0,0.498131,0.369115
1901,711,4845,0,0.494938,0.351901
2001,715,4919,0,0.491594,0.35149
2101,698,4917,0,0.498146,0.347706
2201,723,4975,0,0.512317,0.370405
2301,739,4974,0,0.513013,0.379117
2401,689,5000,0,0.502856,0.346468
2501,685,5070,0,0.51051,0.3497
2601,696,5044,0,0.500567,0.348395
2701,695,5192,0,0.494836,0.343911
2801,684,5120,0,0.497564,0.340334
2901,713,5169,0,0.503349,0.358888
3001,715,4985,0,0.483633,0.345798
3101,661,5026,0,0.513909,0.339694
3201,700,5001,0,0.505673,0.353971
3301,712,5096,0,0.522264,0.371852
3401,686,5003,0,0.490098,0.336207
3501,680,4999,0,0.515783,0.350733
3601,672,5172,0,0.502676,0.337798
3701,690,5034,0,0.520535,0.359169
3801,668,4955,0,0.484198,0.323444
3901,685,5031,0,0.525095,0.35969
4001,680,5156,0,0.513244,0.349006
4101,686,4951,0,0.504661,0.346197
4201,720,5285,0,0.497102,0.357914
4301,688,5172,0,0.496872,0.341848
4401,653,5045,0,0.521371,0.340455
4501,686,5066,0,0.526747,0.361348
4601,688,5007,0,0.505891,0.348053
4701,688,4898,0,0.49837,0.342879
4801,661,4981,0,0.505598,0.3342
4901,722,5195,0,0.500232,0.361168
5001,699,5147,0,0.512765,0.358422
5101,651,4910,0,0.519318,0.338076
5201,680,5012,0,0.474541,0.322688
5301,646,5071,0,0.480884,0.310651
5401,673,5198,0,0.510126,0.343315
5501,654,5147,0,0.509889,0.333468
5601,617,4932,0,0.496601,0.306403
5701,662,4990,0,0.543629,0.359882
5801,651,4991,0,0.527418,0.343349
5901,634,4999,0,0.510409,0.323599
6001,656,5093,0,0.505619,0.331686
6101,689,5123,0,0.479833,0.330605
6201,621,5068,0,0.481504,0.299014
6301,610,4993,0,0.493817,0.301229
6401,663,5040,0,0.509582,0.337853
6501,643,4992,0,0.500704,0.321953
6601,668,5089,0,0.488207,0.326123
6701,604,5132,0,0.491141,0.296649
6801,646,4969,0,0.48211,0.311443
6901,679,5122,0,0.532898,0.361838
7001,636,5040,0,0.496322,0.315661
7101,664,5092,0,0.481439,0.319675
7201,644,5055,0,0.481508,0.310091
7301,640,5201,0,0.484924,0.310351
7401,614,4981,0,0.509012,0.312534
7501,604,4966,0,0.502088,0.303261
7601,601,4899,0,0.510642,0.306896
7701,621,5105,0,0.484597,0.300935
7801,638,5077,0,0.507853,0.32401
7901,658,5102,0,0.480839,0.316392
8001,621,5004,0,0.491117,0.304984
8101,649,5126,0,0.492327,0.31952
8201,621,5045,0,0.513107,0.31864
8301,628,5071,0,0.531952,0.334066
8401,626,5033,0,0.51581,0.322897
8501,610,4868,0,0.510129,0.311179
8601,618,4982,0,0.502688,0.310661
8701,633,4912,0,0.514573,0.325724
8801,620,5061,0,0.496484,0.30782
8901,652,5113,0,0.519108,0.338458
9001,627,5114,0,0.490281,0.307406
9101,630,4976,0,0.497083,0.313163
9201,625,4968,0,0.500563,0.312852
9301,617,5044,0,0.492984,0.304171
9401,588,4990,0,0.492862,0.289803
9501,616,4973,0,0.498346,0.306981
9601,624,4929,0,0.519276,0.324028
9701,652,5037,0,0.499838,0.325895
9801,595,4889,0,0.491703,0.292563
9901,640,5014,0,0.529838,0.339097
10001,601,5008,0,0.513888,0.308846
10101,611,4937,0,0.497466,0.303952
10201,587,4883,0,0.513323,0.30132
10301,595,4919,0,0.508351,0.302469
10401,612,5045,0,0.499753,0.305849
10501,597,4936,0,0.513789,0.306732
10601,622,4956,0,0.496615,0.308894
10701,595,4961,0,0.509011,0.302861
10801,606,4888,0,0.498292,0.301965
10901,595,4923,0,0.50015,0.29759
11001,613,4855,0,0.523932,0.32117
11101,600,5119,0,0.502312,0.301387
11201,584,5012,0,0.504856,0.294836
11301,590,4949,0,0.485229,0.286285
11401,570,4900,0,0.485826,0.276921
11501,563,4733,0,0.512654,0.288624
11601,587,4896,0,0.477205,0.280119
11701,593,4901,0,0.50436,0.299086
11801,544,4785,0,0.50237,0.273289
11901,570,4756,0,0.499771,0.284869
12001,606,4912,0,0.505194,0.306148
12101,568,4906,0,0.497007,0.2823
12201,581,4913,0,0.520159,0.302213
12301,596,4863,0,0.492041,0.293256
12401,574,4852,0,0.538328,0.309
12501,579,4958,0,0.519559,0.300825
12601,525,4780,0,0.500534,0.26278
12701,571,4893,0,0.501204,0.286188
12801,580,4926,1,0.505203,0.293017
12901,566,4921,0,0.498426,0.282109
13001,585,4954,0,0.502278,0.293833
13101,604,4965,0,0.503061,0.303849
13201,573,4911,0,0.515628,0.295455
13301,570,4957,0,0.515313,0.293729
13401,553,4856,0,0.505374,0.279472
13501,555,4820,0,0.519338,0.288233
13601,581,4950,0,0.465549,0.270484
13701,541,4781,0,0.486744,0.263328
13801,577,4950,0,0.49057,0.283059
13901,564,4905,0,0.535003,0.301742
14001,540,4841,0,0.524729,0.283353
14101,524,4853,0,0.487028,0.255203
14201,553,4912,0,0.513258,0.283831
14301,560,4878,0,0.490062,0.274435
14401,545,4758,0,0.50589,0.27571
14501,553,4860,0,0.492023,0.272089
14601,577,4947,0,0.519844,0.29995
14701,555,4886,0,0.507211,0.281502
14801,548,4979,0,0.491556,0.269373
14901,565,4953,0,0.511795,0.289164
15001,561,4830,0,0.515773,0.289349
15101,582,4767,0,0.519577,0.302394
15201,551,4867,0,0.484072,0.266724
15301,572,4980,0,0.523404,0.299387
15401,513,4796,0,0.502298,0.257679
15501,524,4937,0,0.475421,0.249121
15601,545,4889,0,0.522421,0.284719
15701,536,4836,0,0.487669,0.26139
15801,553,4843,0,0.526767,0.291302
15901,542,4759,0,0.507495,0.275062
16001,511,4912,0,0.492869,0.251856
16101,541,4758,0,0.504203,0.272774
16201,528,4811,0,0.489188,0.258292
16301,523,4799,0,0.492218,0.25743
16401,580,4880,0,0.529352,0.307024
16501,556,4886,0,0.506544,0.281639
16601,521,4897,0,0.509885,0.26565
16701,505,4767,0,0.497883,0.251431
16801,546,4947,0,0.549743,0.30016
16901,510,4803,0,0.529175,0.269879
17001,519,4855,0,0.510317,0.264855
17101,529,4840,0,0.501014,0.265037
17201,529,4829,0,0.520746,0.275475
17301,533,4912,0,0.511895,0.27284
17401,541,4922,0,0.520044,0.281344
17501,529,4827,0,0.477707,0.252707
17601,507,4742,0,0.512898,0.260039
17701,522,4805,0,0.502986,0.262559
17801,519,4853,0,0.526008,0.272998
17901,497,4754,0,0.507817,0.252385
18001,493,4936,0,0.510002,0.251431
18101,491,4834,0,0.504585,0.247751
18201,533,4862,0,0.517437,0.275794
18301,514,4917,0,0.521582,0.268093
18401,498,4835,0,0.494522,0.246272
18501,475,4699,0,0.508011,0.241305
18601,483,4927,0,0.508416,0.245565
18701,489,4683,0,0.503753,0.246335
18801,493,4793,0,0.478301,0.235802
18901,473,4744,0,0.506632,0.239637
19001,482,4704,0,0.507645,0.244685
19101,472,4721,0,0.490667,0.231595
19201,493,4775,0,0.514393,0.253596
19301,483,4762,0,0.496739,0.239925
19401,492,4784,0,0.530908,0.261207
19501,495,4737,0,0.515343,0.255095
19601,480,4805,0,0.505453,0.242617
19701,482,4847,0,0.518129,0.249738
19801,511,4692,0,0.499314,0.25515
19901,480,4752,0,0.481493,0.231117
20001,489,4790,0,0.52173,0.255126
20101,481,4640,0,0.525101,0.252574
20201,455,4628,0,0.498213,0.226687
20301,487,4709,0,0.513245,0.24995
20401,466,4713,0,0.491641,0.229105
20501,462,4724,0,0.490647,0.226679
20601,454,4666,0,0.474097,0.21524
20701,452,4740,0,0.491387,0.222107
20801,460,4806,0,0.4978,0.228988
20901,479,4761,0,0.513301,0.245871
21001,454,4787,0,0.500677,0.227307
21101,462,4708,0,0.484118,0.223662
21201,470,4720,0,0.518578,0.243732
21301,486,4767,0,0.50984,0.247782
21401,461,4772,0,0.511531,0.235816
21501,483,4770,0,0.527643,0.254852
21601,428,4634,0,0.533714,0.22843
21701,468,4819,0,0.506876,0.237218
21801,447,4775,0,0.513292,0.229442
21901,444,4751,0,0.552442,0.245284
22001,470,4825,0,0.484896,0.227901
22101,461,4754,0,0.494679,0.228047
22201,472,4665,0,0.515927,0.243517
22301,444,4629,0,0.509144,0.22606
22401,490,4839,0,0.487039,0.238649
22501,445,4684,0,0.536257,0.238634
22601,443,4679,0,0.495999,0.219727
22701,442,4714,0,0.488351,0.215851
22801,426,4691,0,0.523148,0.222861
22901,435,4816,0,0.511399,0.222459
23001,451,4689,0,0.510547,0.230257
23101,407,4686,0,0.507954,0.206737
23201,441,4680,0,0.514288,0.226801
23301,422,4744,0,0.51399,0.216904
23401,443,4791,0,0.525592,0.232837
23501,438,4754,0,0.491959,0.215478
23601,447,4776,0,0.491718,0.219798
23701,433,4781,0,0.496701,0.215071
23801,436,4805,0,0.496851,0.216627
23901,452,4919,0,0.508942,0.230042
24001,448,4919,0,0.495513,0.22199
24101,443,4775,0,0.509627,0.225765
24201,399,4764,0,0.504898,0.201454
24301,447,4692,0,0.535818,0.239511
24401,419,4767,0,0.494133,0.207042
24501,458,4750,0,0.487821,0.223422
24601,461,4674,0,0.526028,0.242499
24701,402,4746,0,0.506905,0.203776
24801,428,4677,0,0.544568,0.233075
24901,429,4829,0,0.481468,0.20655
25001,410,4714,0,0.522197,0.214101
25101,408,4809,0,0.522189,0.213053
25201,424,4706,0,0.507804,0.215309
25301,407,4589,0,0.507383,0.206505
25401,410,4643,0,0.506549,0.207685
25501,397,4724,0,0.519086,0.206077
25601,403,4708,0,0.502397,0.202466
25701,417,4729,0,0.498799,0.207999
25801,384,4599,0,0.478642,0.183799
25901,431,4738,0,0.49891,0.21503
26001,404,4600,0,0.504406,0.20378
26101,380,4598,0,0.503241,0.191231
26201,406,4611,0,0.502966,0.204204
26301,400,4655,0,0.523465,0.209386
26401,394,4703,0,0.515522,0.203116
26501,401,4793,0,0.507585,0.203542
26601,409,4628,0,0.507822,0.207699
26701,410,4864,0,0.514908,0.211112
26801,386,4665,0,0.492836,0.190235
26901,390,4741,0,0.507141,0.197785
27001,387,4741,0,0.519344,0.200986
27101,367,4669,0,0.505674,0.185582
27201,382,4687,0,0.509082,0.194469
27301,388,4779,0,0.503496,0.195356
27401,394,4663,0,0.482152,0.189968
27501,370,4704,0,0.472438,0.174802
27601,369,4636,0,0.487319,0.179821
27701,360,4671,0,0.493869,0.177793
27801,365,4646,0,0.48035,0.175328
27901,360,4636,0,0.490325,0.176517
28001,356,4656,0,0.487402,0.173515
28101,381,4691,0,0.498559,0.189951
28201,360,4653,0,0.509101,0.183276
28301,372,4776,0,0.473876,0.176282
28401,365,4690,0,0.499662,0.182377
28501,378,4733,0,0.510709,0.193048
28601,359,4685,0,0.483143,0.173448
28701,370,4580,0,0.513696,0.190067
28801,350,4680,0,0.517558,0.181145
28901,357,4693,0,0.509679,0.181955
29001,351,4640,0,0.514733,0.180671
29101,346,4637,0,0.504268,0.174477
29201,359,4683,0,0.511774,0.183727
29301,367,4667,0,0.51411,0.188678
29401,342,4676,0,0.483885,0.165489
29501,353,4682,0,0.505373,0.178397
29601,356,4668,0,0.499668,0.177882
29701,354,4679,0,0.479634,0.16979
29801,341,4598,0,0.509532,0.17375
29901,339,4479,0,0.518357,0.175723
30001,343,4536,0,0.476238,0.16335
30101,322,4538,0,0.510669,0.164435
30201,364,4606,0,0.528583,0.192404
30301,336,4662,0,0.48797,0.163958
30401,309,4528,0,0.541989,0.167474
30501,320,4552,0,0.579995,0.185598
30601,319,4564,0,0.495874,0.158184
30701,329,4557,0,0.497283,0.163606
30801,327,4726,0,0.491874,0.160843
30901,331,4558,0,0.572527,0.189506
31001,313,4567,0,0.480929,0.150531
31101,301,4610,0,0.483269,0.145464
31201,320,4551,0,0.501405,0.16045
31301,311,4547,0,0.490701,0.152608
31401,319,4566,0,0.491285,0.15672
31501,302,4471,0,0.478309,0.144449
31601,328,4562,0,0.494761,0.162282
31701,326,4521,0,0.49016,0.159792
31801,316,4488,0,0.556576,0.175878
31901,303,4564,0,0.485971,0.147249
32001,307,4447,0,0.476886,0.146404
32101,324,4482,0,0.514176,0.166593
32201,328,4517,0,0.488242,0.160143
32301,305,4590,0,0.539586,0.164574
32401,316,4590,0,0.526231,0.166289
32501,316,4608,0,0.47654,0.150587
32601,322,4626,0,0.497409,0.160166
32701,311,4578,0,0.506888,0.157642
32801,307,4509,0,0.517693,0.158932
32901,315,4636,0,0.481355,0.151627
33001,303,4551,0,0.54885,0.166302
33101,312,4589,0,0.549251,0.171366
33201,323,4637,0,0.479145,0.154764
33301,328,4638,0,0.50185,0.164607
33401,311,4649,0,0.492595,0.153197
33501,286,4609,0,0.520961,0.148995
33601,281,4495,0,0.496682,0.139568
33701,290,4484,0,0.528747,0.153337
33801,287,4502,0,0.514664,0.147709
33901,289,4583,0,0.507335,0.14662
34001,291,4535,0,0.528851,0.153896
34101,308,4643,0,0.502158,0.154665
34201,311,4651,0,0.508096,0.158018
34301,292,4636,0,0.506096,0.14778
34401,279,4565,0,0.545471,0.152186
34501,296,4624,0,0.503973,0.149176
34601,270,4658,0,0.493416,0.133222
34701,296,4598,0,0.514603,0.152323
34801,257,4703,0,0.546945,0.140565
34901,276,4710,0,0.535137,0.147698
35001,293,4685,0,0.487869,0.142946
35101,266,4596,0,0.464251,0.123491
35201,292,4646,0,0.511225,0.149278
35301,268,4668,0,0.525453,0.140821
35401,273,4589,0,0.51731,0.141226
35501,259,4595,0,0.549669,0.142364
35601,270,4608,0,0.494781,0.133591
35701,265,4645,0,0.508497,0.134752
35801,265,4633,0,0.497489,0.131834
35901,290,4666,0,0.491276,0.14247
36001,255,4695,0,0.488846,0.124656
36101,250,4602,0,0.516356,0.129089
36201,261,4639,0,0.464644,0.121272
36301,256,4534,0,0.479557,0.122767
36401,245,4627,0,0.510806,0.125147
36501,260,4603,0,0.485677,0.126276
36601,253,4581,0,0.481826,0.121902
36701,226,4550,0,0.488336,0.110364
36801,238,4554,0,0.511574,0.121755
36901,260,4521,0,0.479519,0.124675
37001,249,4606,0,0.493908,0.122983
37101,237,4650,0,0.503266,0.119274
37201,251,4648,0,0.519731,0.130452
37301,254,4728,0,0.474582,0.120544
37401,223,4552,0,0.532903,0.118837
37501,247,4553,0,0.511866,0.126431
37601,224,4561,0,0.479891,0.107496
37701,234,4574,0,0.501743,0.117408
37801,239,4626,0,0.50403,0.120463
37901,255,4628,0,0.49864,0.127153
38001,223,4594,0,0.517544,0.115412
38101,232,4622,0,0.474076,0.109986
38201,228,4597,0,0.472394,0.107706
38301,234,4631,0,0.482506,0.112906
38401,210,4556,0,0.514616,0.108069
38501,207,4562,0,0.489897,0.101409
38601,220,4581,0,0.526809,0.115898
38701,217,4596,0,0.473259,0.102697
38801,207,4555,0,0.46665,0.0965965
38901,247,4591,0,0.499479,0.123371
39001,219,4636,0,0.534206,0.116991
39101,238,4626,0,0.506935,0.120651
39201,216,4633,0,0.559038,0.120752
39301,211,4658,0,0.502784,0.106087
39401,237,4697,0,0.508359,0.120481
39501,213,4633,0,0.507375,0.108071
39601,216,4640,0,0.536791,0.115947
39701,201,4555,0,0.482753,0.0970333
39801,215,4568,0,0.524003,0.112661
39901,213,4653,0,0.503983,0.107348
40001,174,4616,0,0.511509,0.0890025
40101,209,4589,0,0.54527,0.113961
40201,193,4672,0,0.49385,0.0953131
40301,191,4569,0,0.515607,0.0984809
40401,190,4550,0,0.510488,0.0969927
40501,201,4668,0,0.515579,0.103631
40601,206,4622,0,0.488952,0.100724
40701,196,4612,0,0.50219,0.0984293
40801,197,4588,0,0.508326,0.10014
40901,182,4509,0,0.515889,0.0938918
41001,204,4617,0,0.46005,0.0938502
41101,191,4586,0,0.497787,0.0950773
41201,180,4580,0,0.516714,0.0930085
41301,208,4555,0,0.515082,0.107137
41401,189,4676,0,0.493033,0.0931833
41501,190,4617,0,0.516953,0.0982211
41601,186,4624,0,0.533486,0.0992285
41701,176,4502,0,0.542678,0.0955114
41801,172,4540,0,0.484354,0.0833088
41901,166,4513,0,0.539209,0.0895086
42001,173,4568,0,0.53153,0.0919546
42101,154,4517,0,0.528174,0.0813388
42201,150,4514,0,0.52469,0.0787035
42301,175,4521,0,0.475973,0.0832953
42401,174,4638,0,0.488401,0.0849818
42501,161,4501,0,0.490799,0.0790186
42601,162,4578,0,0.474508,0.0768703
42701,187,4511,0,0.481512,0.0900428
42801,147,4476,0,0.495834,0.0728876
42901,162,4542,0,0.525881,0.0851928
43001,164,4589,0,0.505334,0.0828747
43101,163,4620,0,0.588643,0.0959488
43201,170,4587,0,0.513233,0.0872496
43301,184,4604,0,0.484143,0.0890823
43401,174,4589,0,0.500747,0.08713
43501,158,4536,0,0.49967,0.0789479
43601,167,4580,0,0.515283,0.0860523
43701,147,4582,0,0.538044,0.0790925
43801,132,4575,0,0.508518,0.0671244
43901,150,4576,0,0.521274,0.0781911
44001,142,4584,0,0.520003,0.0738404
44101,139,4599,0,0.50929,0.0707914
44201,158,4564,0,0.500957,0.0791511
44301,155,4561,0,0.517062,0.0801446
44401,156,4579,0,0.459298,0.0716505
44501,135,4559,0,0.452658,0.0611088
44601,137,4606,0,0.520327,0.0712848
44701,129,4561,0,0.447085,0.057674
44801,151,4535,0,0.55572,0.0839137
44901,119,4517,0,0.511968,0.0609241
45001,133,4568,0,0.539185,0.0717116
45101,121,4561,0,0.522728,0.0632501
45201,149,4584,0,0.495866,0.073884
45301,139,4584,0,0.494285,0.0687056
45401,133,4609,0,0.501746,0.0667322
45501,129,4555,0,0.532464,0.0686878
45601,117,4604,0,0.460068,0.053828
45701,120,4580,0,0.514347,0.0617217
45801,130,4617,0,0.506052,0.0657868
45901,121,4651,0,0.47402,0.0573564
46001,115,4659,0,0.53319,0.0613168
46101,145,4666,0,0.466711,0.0676731
46201,138,4624,0,0.492253,0.0679309
46301,105,4531,0,0.523937,0.0550134
46401,106,4608,0,0.548198,0.058109
46501,114,4660,0,0.462153,0.0526854
46601,115,4609,0,0.493906,0.0567992
46701,98,4614,0,0.466971,0.0457632
46801,113,4623,0,0.512059,0.0578627
46901,102,4597,0,0.487401,0.0497149
47001,122,4640,0,0.485287,0.0592051
47101,101,4623,0,0.522844,0.0528072
47201,104,4603,0,0.48573,0.050516
47301,98,4624,0,0.480108,0.0470506
47401,97,4609,0,0.538425,0.0522273
47501,98,4643,0,0.514148,0.0503865
47601,104,4619,0,0.458773,0.0477124
47701,96,4605,0,0.545092,0.0523288
47801,93,4624,0,0.468182,0.043541
47901,101,4669,0,0.592788,0.0598716
48001,96,4614,0,0.456205,0.0437957
48101,102,4628,0,0.505164,0.0515268
48201,103,4632,0,0.520534,0.053615
48301,83,4634,0,0.464264,0.0385339
48401,78,4632,0,0.537985,0.0419628
48501,70,4597,0,0.484089,0.0338863
48601,81,4601,0,0.490549,0.0397345
48701,85,4646,0,0.501472,0.0426251
48801,79,4627,0,0.541879,0.0428084
48901,69,4625,0,0.446842,0.0308321
49001,71,4634,0,0.513377,0.0364498
49101,74,4610,0,0.521874,0.0386187
49201,66,4623,0,0.505563,0.0333671
49301,65,4615,0,0.459246,0.029851
49401,62,4609,0,0.407672,0.0252757
49501,62,4679,0,0.519529,0.0322108
49601,45,4567,0,0.43423,0.0195403
49701,69,4625,0,0.49438,0.0341122
49801,51,4603,0,0.463413,0.0236341
49901,46,4601,0,0.411709,0.0189386
50001,46,4626,0,0.482222,0.0221822
50101,40,4612,0,0.437436,0.0174975
50201,48,4609,0,0.57072,0.0273946
50301,38,4632,0,0.522756,0.0198647
50401,48,4604,0,0.454463,0.0218142
50501,44,4618,0,0.502437,0.0221072
50601,35,4620,0,0.535541,0.0187439
50701,36,4637,0,0.506062,0.0182182
50801,37,4629,0,0.443002,0.0163911
50901,34,4614,0,0.522377,0.0177608
51001,31,4610,0,0.47307,0.0146652
51101,27,4624,0,0.641287,0.0173147
51201,30,4622,0,0.488915,0.0146675
51301,31,4623,0,0.581405,0.0180235
51401,30,4662,0,0.473375,0.0142013
51501,28,4646,0,0.398607,0.011161
51601,26,4656,0,0.570654,0.014837
51701,17,4648,0,0.47825,0.00813026
51801,17,4667,0,0.490467,0.00833793
51901,13,4667,0,0.432787,0.00562623
52001,16,4665,0,0.538195,0.00861112
52101,9,4666,0,0.377942,0.00340148
52201,8,4680,0,0.527077,0.00421661
52301,6,4694,0,0.704539,0.00422723
52401,9,4713,0,0.550326,0.00495293
