cycle,Population_size,Deleterious_muts,Beneficial_muts,Mean_fitness,Intrinsic_fitness
1,1000,0,0,1.0,1.0
101,712,2498,41,0.495368,0.352702
201,706,2279,37,0.51515,0.363696
301,687,2466,44,0.51936,0.3568
401,700,2617,39,0.485354,0.339748
501,689,2635,40,0.512589,0.353174
601,670,2630,48,0.518978,0.347716
701,676,2608,60,0.496783,0.335825
801,677,2598,52,0.5217,0.353191
901,678,2674,52,0.48891,0.331481
1001,623,2563,48,0.517426,0.322357
1101,642,2619,50,0.519258,0.333364
1201,644,2594,50,0.479438,0.308758
1301,634,2680,53,0.516018,0.327156
1401,682,2717,58,0.502575,0.342756
1501,684,2612,66,0.526758,0.360302
1601,667,2746,51,0.493757,0.329336
1701,624,2601,56,0.508416,0.317252
1801,648,2739,54,0.488847,0.316773
1901,677,2603,47,0.509498,0.34493
2001,627,2594,57,0.487481,0.30565
2101,592,2640,52,0.498067,0.294855
2201,597,2633,51,0.510206,0.304593
2301,630,2680,62,0.511029,0.321948
2401,629,2712,63,0.491398,0.309089
2501,626,2682,68,0.518284,0.324446
2601,641,2699,80,0.508488,0.325941
2701,667,2756,61,0.519725,0.346656
2801,647,2702,58,0.518669,0.335579
2901,624,2712,65,0.522246,0.325882
3001,628,2645,73,0.530851,0.333374
3101,656,2730,72,0.513207,0.336664
3201,641,2654,62,0.513017,0.328844
3301,641,2730,69,0.516764,0.331246
3401,624,2755,69,0.486295,0.303448
3501,636,2608,75,0.536819,0.341417
3601,682,2741,78,0.500105,0.341072
3701,637,2674,69,0.523823,0.333675
3801,661,2595,68,0.527876,0.348926
3901,611,2764,60,0.481887,0.294433
4001,624,2652,63,0.501847,0.313153
4101,648,2653,69,0.518259,0.335832
4201,656,2730,65,0.495171,0.324832
4301,602,2608,70,0.516978,0.311221
4401,684,2684,76,0.525821,0.359662
4501,621,2658,79,0.517725,0.321508
4601,619,2642,67,0.523677,0.324156
4701,630,2678,89,0.541779,0.341321
4801,646,2650,73,0.512464,0.331051
4901,627,2674,78,0.50212,0.314829
5001,611,2727,76,0.491088,0.300055
5101,643,2639,85,0.518961,0.333692
5201,646,2669,89,0.540897,0.349419
5301,624,2648,76,0.52062,0.324867
5401,643,2676,80,0.540364,0.347454
5501,643,2665,96,0.522693,0.336092
5601,648,2803,83,0.518228,0.335812
5701,663,2752,81,0.51511,0.341518
5801,638,2777,76,0.50611,0.322898
5901,636,2729,80,0.527574,0.335537
6001,642,2636,82,0.500291,0.321187
6101,640,2623,79,0.541078,0.34629
6201,608,2753,86,0.508224,0.309
6301,586,2651,83,0.522357,0.306101
6401,625,2656,82,0.506132,0.316333
6501,622,2666,85,0.519793,0.323311
6601,607,2651,75,0.538338,0.326771
6701,633,2691,80,0.546402,0.345873
6801,618,2632,81,0.5343,0.330197
6901,654,2701,87,0.518934,0.339383
7001,636,2661,86,0.506068,0.321859
7101,628,2703,75,0.523344,0.32866
7201,615,2755,80,0.518214,0.318701
7301,625,2745,82,0.512481,0.320301
7401,600,2694,74,0.518273,0.310964
7501,628,2658,82,0.514823,0.323309
7601,655,2775,85,0.492574,0.322636
7701,627,2612,85,0.530784,0.332802
7801,610,2744,79,0.494246,0.30149
7901,655,2853,86,0.493219,0.323059
8001,622,2755,83,0.500534,0.311332
8101,648,2643,77,0.544453,0.352805
8201,618,2712,87,0.51311,0.317102
8301,624,2712,94,0.503404,0.314124
8401,641,2742,100,0.526927,0.33776
8501,660,2818,90,0.498902,0.329276
8601,614,2773,83,0.503335,0.309047
8701,629,2721,98,0.502165,0.315862
8801,664,2799,88,0.525046,0.348631
8901,634,2663,96,0.509423,0.322974
9001,628,2635,96,0.502173,0.315365
9101,635,2662,93,0.536695,0.340801
9201,636,2739,101,0.498151,0.316824
9301,641,2806,101,0.497878,0.31914
9401,629,2809,100,0.513274,0.322849
9501,656,2752,90,0.532851,0.34955
9601,631,2739,105,0.50211,0.316832
9701,635,2759,95,0.517881,0.328854
9801,668,2774,94,0.502506,0.335674
9901,628,2724,99,0.494966,0.310838
10001,636,2643,105,0.500978,0.318622
10101,654,2782,90,0.507988,0.332224
10201,613,2657,93,0.526467,0.322724
10301,630,2695,92,0.509625,0.321064
10401,613,2736,95,0.525337,0.322032
10501,621,2652,110,0.503218,0.312499
10601,599,2673,95,0.520378,0.311706
10701,616,2786,99,0.541434,0.333523
10801,601,2779,98,0.51849,0.311612
10901,608,2756,96,0.508731,0.309309
11001,617,2733,92,0.513119,0.316594
11101,597,2819,114,0.485085,0.289596
11201,603,2761,107,0.518271,0.312518
11301,586,2677,112,0.497687,0.291645
11401,602,2788,103,0.514956,0.310003
11501,624,2755,108,0.502635,0.313644
11601,617,2727,107,0.503111,0.31042
11701,650,2745,120,0.52877,0.3437
11801,654,2813,114,0.507136,0.331667
11901,639,2760,118,0.537485,0.343453
12001,651,2816,123,0.490709,0.319452
12101,626,2680,111,0.52513,0.328732
12201,629,2801,117,0.523482,0.32927
12301,627,2725,114,0.50513,0.316716
12401,662,2864,105,0.491312,0.325249
12501,638,2802,97,0.505959,0.322802
12601,634,2809,103,0.504315,0.319736
12701,644,2841,104,0.523759,0.337301
12801,644,2806,106,0.529073,0.340723
12901,635,2805,115,0.508099,0.322643
13001,637,2937,116,0.505927,0.322275
13101,608,2809,111,0.499928,0.303956
13201,635,2821,109,0.52754,0.334988
13301,621,2778,102,0.489401,0.303918
13401,644,2779,105,0.5088,0.327667
13501,603,2787,114,0.546049,0.329268
13601,651,2773,114,0.53359,0.347367
13701,626,2837,116,0.519753,0.325365
13801,631,2800,118,0.535387,0.337829
13901,632,2770,110,0.543656,0.343591
14001,642,2769,104,0.497025,0.31909
14101,651,2788,102,0.540872,0.352108
14201,644,2848,106,0.529174,0.340788
14301,614,2918,106,0.506057,0.310719
14401,619,2827,114,0.500218,0.309635
14501,637,2891,111,0.51568,0.328488
14601,649,2964,117,0.502544,0.326151
14701,627,2820,124,0.504881,0.316561
14801,636,2924,120,0.525785,0.334399
14901,622,2971,118,0.530556,0.330006
15001,618,2794,109,0.521669,0.322391
15101,652,2973,124,0.503055,0.327992
15201,610,2885,111,0.491331,0.299712
15301,590,2941,122,0.518198,0.305737
15401,643,2934,112,0.513727,0.330326
15501,637,2875,131,0.511078,0.325556
15601,609,2869,121,0.525213,0.319854
15701,619,2852,117,0.51641,0.319658
15801,629,2925,123,0.502503,0.316074
15901,628,2760,110,0.515614,0.323806
16001,636,2833,126,0.505087,0.321235
16101,622,2848,127,0.491962,0.306001
16201,640,2809,117,0.542939,0.347481
16301,604,2835,119,0.507981,0.30682
16401,644,2895,118,0.49739,0.320319
16501,609,2875,113,0.513975,0.313011
16601,580,2727,124,0.522034,0.30278
16701,641,2965,127,0.529387,0.339337
16801,681,2976,133,0.51189,0.348597
16901,641,2853,125,0.509588,0.326646
17001,650,2984,126,0.491705,0.319608
17101,622,2900,134,0.52643,0.32744
17201,601,2847,138,0.484944,0.291451
17301,623,2848,147,0.528923,0.329519
17401,638,2880,130,0.514457,0.328223
17501,620,2873,122,0.514296,0.318863
17601,610,2876,122,0.525725,0.320692
17701,656,2919,134,0.509559,0.33427
17801,627,2893,144,0.498058,0.312282
17901,636,2827,128,0.541886,0.344639
18001,627,2811,137,0.549055,0.344258
18101,619,2986,139,0.478663,0.296293
18201,634,2908,133,0.506675,0.321232
18301,654,2860,137,0.511608,0.334592
18401,620,2894,134,0.503971,0.312462
18501,614,2871,130,0.509433,0.312792
18601,658,2913,125,0.476079,0.31326
18701,610,3018,127,0.509233,0.310632
18801,631,2967,134,0.51295,0.323672
18901,601,2910,137,0.502408,0.301947
19001,651,2934,128,0.513692,0.334414
19101,632,2926,147,0.504398,0.31878
19201,614,2896,139,0.483103,0.296626
19301,625,2872,128,0.498622,0.311639
19401,627,2879,141,0.516601,0.323909
19501,633,2929,133,0.509219,0.322336
19601,602,2778,135,0.529578,0.318806
19701,649,2948,139,0.518562,0.336547
19801,632,2914,131,0.504242,0.318681
19901,620,2853,130,0.499268,0.309546
20001,605,2871,131,0.518193,0.313507
20101,598,2935,137,0.526289,0.314721
20201,640,2858,144,0.520839,0.333337
20301,606,2942,142,0.505329,0.30623
20401,626,2954,141,0.488975,0.306099
20501,626,2942,137,0.503453,0.315162
20601,659,2962,140,0.496292,0.327057
20701,627,2943,140,0.484195,0.30359
20801,648,2967,138,0.530773,0.343941
20901,636,2951,135,0.520096,0.330781
21001,682,2965,145,0.50423,0.343885
21101,610,2882,149,0.496275,0.302728
21201,612,2913,141,0.508188,0.311011
21301,594,2941,148,0.50139,0.297826
21401,613,2924,142,0.508209,0.311532
21501,649,3015,148,0.501232,0.3253
21601,667,2842,140,0.535871,0.357426
21701,649,2775,147,0.526863,0.341934
21801,622,2901,153,0.517434,0.321844
21901,608,2946,149,0.516376,0.313957
22001,615,2914,142,0.51675,0.317801
22101,616,2842,155,0.519236,0.31985
22201,616,2921,159,0.530397,0.326725
22301,639,2910,151,0.507559,0.32433
22401,611,2906,147,0.519094,0.317167
22501,635,2906,156,0.519658,0.329983
22601,625,2942,142,0.502673,0.31417
22701,651,2947,148,0.524259,0.341293
22801,588,2953,153,0.539877,0.317448
22901,593,2935,151,0.488044,0.28941
23001,593,2955,151,0.506811,0.300539
23101,625,3014,146,0.515997,0.322498
23201,660,2936,162,0.51624,0.340719
23301,613,2981,153,0.505219,0.309699
23401,645,2990,159,0.50895,0.328273
23501,606,2913,159,0.524121,0.317617
23601,618,2930,161,0.505868,0.312627
23701,611,2881,172,0.513112,0.313512
23801,609,2966,155,0.541089,0.329523
23901,599,2944,158,0.518617,0.310652
24001,634,3030,166,0.529437,0.335663
24101,601,2910,159,0.488895,0.293826
24201,598,2996,158,0.525366,0.314169
24301,606,2935,160,0.499599,0.302757
24401,603,3029,159,0.479282,0.289007
24501,627,2932,162,0.535549,0.335789
24601,628,2919,161,0.530908,0.33341
24701,619,3015,154,0.535249,0.331319
24801,586,2892,165,0.509098,0.298332
24901,628,2989,153,0.510027,0.320297
25001,656,3082,156,0.495218,0.324863
25101,592,3074,161,0.520708,0.308259
25201,623,2988,159,0.536086,0.333981
25301,662,3029,157,0.520457,0.344542
25401,629,3006,161,0.517588,0.325563
25501,627,2955,169,0.515696,0.323341
25601,614,2998,175,0.507106,0.311363
25701,655,3072,171,0.490654,0.321379
25801,648,3022,182,0.532698,0.345188
25901,612,2981,177,0.508702,0.311326
26001,654,2939,169,0.541146,0.353909
26101,613,3022,168,0.501329,0.307315
26201,589,2991,162,0.531433,0.313014
26301,624,3099,173,0.495109,0.308948
26401,647,2999,163,0.526909,0.34091
26501,625,3060,160,0.531734,0.332334
26601,630,2988,169,0.507598,0.319787
26701,598,2978,167,0.508836,0.304284
26801,649,3092,178,0.486453,0.315708
26901,621,3014,174,0.488572,0.303403
27001,626,2987,185,0.49521,0.310001
27101,638,2983,180,0.505532,0.322529
27201,605,3065,174,0.514555,0.311306
27301,640,3007,182,0.520762,0.333288
27401,638,3021,189,0.523126,0.333755
27501,598,2995,175,0.521339,0.311761
27601,610,3116,170,0.521098,0.31787
27701,662,3191,173,0.525029,0.347569
27801,591,3048,165,0.48819,0.28852
27901,618,3053,180,0.510755,0.315646
28001,614,2950,174,0.508708,0.312347
28101,594,3077,178,0.489316,0.290654
28201,605,3048,159,0.519199,0.314116
28301,600,2963,171,0.500665,0.300399
28401,585,3036,176,0.514493,0.300978
28501,614,3000,179,0.489325,0.300446
28601,608,3006,181,0.491229,0.298667
28701,617,3025,182,0.515114,0.317825
28801,608,2990,182,0.535857,0.325801
28901,609,2982,171,0.511335,0.311403
29001,596,2882,174,0.500972,0.298579
29101,639,3073,176,0.516028,0.329742
29201,614,2989,178,0.504457,0.309737
29301,585,3003,172,0.505322,0.295614
29401,617,3010,169,0.503523,0.310674
29501,625,3095,170,0.498431,0.311519
29601,616,3117,171,0.487114,0.300062
29701,636,2985,174,0.507445,0.322735
29801,626,3105,177,0.508789,0.318502
29901,587,2951,180,0.523241,0.307143
30001,606,3150,185,0.509661,0.308854
30101,580,3083,178,0.501268,0.290735
30201,604,3055,191,0.531705,0.32115
30301,591,3001,185,0.504489,0.298153
30401,647,3046,185,0.516195,0.333978
30501,618,3105,191,0.533127,0.329473
30601,589,3048,183,0.514469,0.303022
30701,601,3071,187,0.510881,0.307039
30801,594,3019,181,0.52433,0.311452
30901,626,3013,191,0.493191,0.308737
31001,599,3030,175,0.51644,0.309348
31101,604,2967,185,0.491948,0.297136
31201,613,3075,185,0.51429,0.31526
31301,616,3105,187,0.510003,0.314162
31401,637,3110,193,0.524579,0.334157
31501,601,3025,183,0.515209,0.30964
31601,609,3124,180,0.50298,0.306315
31701,587,3005,196,0.517431,0.303732
31801,568,2965,194,0.536836,0.304923
31901,619,3001,197,0.513777,0.318028
32001,617,3001,196,0.54383,0.335543
32101,606,2995,195,0.506016,0.306646
32201,617,2996,196,0.519762,0.320693
32301,626,3134,202,0.536569,0.335892
32401,607,3073,199,0.508878,0.308889
32501,579,3013,189,0.519603,0.30085
32601,594,3027,189,0.522788,0.310536
32701,583,3023,194,0.483621,0.281951
32801,620,3036,203,0.512413,0.317696
32901,610,2933,185,0.521952,0.318391
33001,597,3089,202,0.507714,0.303105
33101,577,3108,206,0.520594,0.300382
33201,598,3049,191,0.520747,0.311407
33301,577,3095,195,0.505339,0.29158
33401,607,3102,188,0.526974,0.319873
33501,597,3036,194,0.49669,0.296524
33601,606,3113,195,0.498212,0.301917
33701,596,3036,214,0.505704,0.3014
33801,596,3160,206,0.523191,0.311822
33901,586,2991,205,0.518692,0.303954
34001,648,3045,198,0.506793,0.328402
34101,586,3002,204,0.514739,0.301637
34201,602,3095,206,0.513498,0.309126
34301,612,3110,202,0.490159,0.299977
34401,594,3041,204,0.508707,0.302172
34501,586,2987,211,0.512309,0.300213
34601,551,3021,208,0.509367,0.280661
34701,611,3090,212,0.494853,0.302355
34801,583,3037,205,0.503629,0.293616
34901,600,3118,206,0.527299,0.316379
35001,560,3005,198,0.49719,0.278426
35101,580,3024,206,0.532824,0.309038
35201,618,3185,194,0.55915,0.345554
35301,592,3110,197,0.523223,0.309748
35401,574,3086,200,0.511661,0.293693
35501,587,3160,210,0.485563,0.285026
35601,620,3104,208,0.506488,0.314023
35701,609,3150,196,0.50416,0.307033
35801,568,3024,204,0.507755,0.288405
35901,659,3085,212,0.505358,0.333031
36001,644,3112,205,0.527902,0.339969
36101,595,3120,201,0.504957,0.300449
36201,627,3188,210,0.51386,0.32219
36301,617,3081,201,0.539173,0.332669
36401,631,3102,207,0.513925,0.324287
36501,570,3081,216,0.512958,0.292386
36601,623,3089,205,0.51,0.31773
36701,580,3132,201,0.51126,0.296531
36801,636,3127,210,0.5071,0.322516
36901,620,3086,218,0.529381,0.328216
37001,589,3167,220,0.526503,0.31011
37101,604,3149,201,0.507297,0.306407
37201,591,3102,205,0.525553,0.310602
37301,609,3149,217,0.489939,0.298373
37401,616,3165,214,0.500335,0.308206
37501,566,3056,220,0.514128,0.290996
37601,625,3211,218,0.503117,0.314448
37701,590,3118,215,0.509142,0.300394
37801,582,3054,220,0.526297,0.306305
37901,612,3111,224,0.501609,0.306985
38001,584,3123,216,0.504481,0.294617
38101,586,3072,206,0.52664,0.308611
38201,568,3033,199,0.520434,0.295607
38301,624,3134,215,0.49861,0.311133
38401,606,3226,214,0.474378,0.287473
38501,578,3163,219,0.50659,0.292809
38601,609,3158,218,0.510638,0.310978
38701,575,3131,222,0.521687,0.29997
38801,578,3108,225,0.51228,0.296098
38901,565,3086,220,0.518372,0.29288
39001,583,3133,215,0.534532,0.311632
39101,594,3208,218,0.502626,0.29856
39201,574,3060,221,0.49819,0.285961
39301,615,3197,222,0.488569,0.30047
39401,561,3019,224,0.528582,0.296535
39501,571,3210,228,0.501111,0.286134
39601,563,3066,218,0.525474,0.295842
39701,590,3128,223,0.486453,0.287007
39801,571,3005,223,0.536627,0.306414
39901,613,3278,215,0.463314,0.284011
40001,577,3244,220,0.512056,0.295456
40101,585,3117,217,0.501596,0.293434
40201,588,3119,217,0.528514,0.310766
40301,574,3042,214,0.526722,0.302339
40401,543,3018,221,0.518774,0.281694
40501,580,3159,217,0.505638,0.29327
40601,583,3136,224,0.515686,0.300645
40701,575,3214,220,0.509541,0.292986
40801,567,3213,232,0.486278,0.275719
40901,563,3171,230,0.525147,0.295658
41001,568,3059,232,0.49463,0.28095
41101,619,3152,230,0.501041,0.310144
41201,630,3112,237,0.515647,0.324858
41301,551,3070,231,0.527643,0.290731
41401,580,3146,222,0.510503,0.296092
41501,590,3142,226,0.497845,0.293729
41601,579,3074,224,0.50032,0.289685
41701,565,3014,232,0.514258,0.290556
41801,553,3070,218,0.519983,0.287551
41901,565,3055,215,0.501193,0.283174
42001,563,3074,224,0.502477,0.282895
42101,536,3128,225,0.529432,0.283775
42201,562,3061,226,0.492668,0.27688
42301,566,3132,223,0.485179,0.274611
42401,585,3091,232,0.518185,0.303138
42501,579,3132,222,0.494642,0.286398
42601,595,3129,238,0.499603,0.297264
42701,575,3152,233,0.519984,0.298991
42801,570,3069,226,0.515157,0.293639
42901,574,3078,230,0.507435,0.291268
43001,564,3069,238,0.529696,0.298749
43101,567,3141,234,0.495688,0.281055
43201,548,3091,227,0.508924,0.27889
43301,596,3119,224,0.51387,0.306267
43401,609,3193,229,0.50542,0.307801
43501,571,3129,235,0.528801,0.301945
43601,575,3146,236,0.508104,0.29216
43701,592,3160,236,0.506109,0.299617
43801,573,3115,238,0.512664,0.293757
43901,564,3102,245,0.505615,0.285167
44001,572,3124,232,0.492901,0.281939
44101,592,3170,231,0.513356,0.303907
44201,575,3103,230,0.52092,0.299529
44301,586,3202,234,0.502106,0.294234
44401,570,3170,235,0.5044,0.287508
44501,551,3095,246,0.505613,0.278593
44601,585,3128,241,0.530666,0.31044
44701,555,3109,238,0.50576,0.280697
44801,578,3183,239,0.52316,0.302387
44901,564,3160,252,0.501993,0.283124
45001,581,3210,248,0.528936,0.307312
45101,565,3200,244,0.506731,0.286303
45201,561,3191,240,0.542111,0.304124
45301,602,3253,245,0.501933,0.302164
45401,576,3232,236,0.519837,0.299426
45501,560,3219,246,0.493594,0.276412
45601,535,3109,238,0.515233,0.27565
45701,539,3062,240,0.535652,0.288716
45801,536,3128,252,0.496743,0.266254
45901,567,3176,246,0.523264,0.296691
46001,609,3275,246,0.509511,0.310292
46101,594,3217,245,0.515545,0.306233
46201,591,3156,249,0.507899,0.300168
46301,597,3246,248,0.50837,0.303497
46401,586,3187,258,0.524899,0.307591
46501,567,3150,239,0.511614,0.290085
46601,590,3171,236,0.499627,0.29478
46701,552,3077,240,0.527427,0.29114
46801,547,3120,246,0.526943,0.288238
46901,588,3146,257,0.547958,0.322199
47001,592,3189,253,0.496565,0.293966
47101,574,3113,258,0.515492,0.295892
47201,540,3179,247,0.52696,0.284558
47301,616,3206,258,0.509356,0.313763
47401,586,3223,254,0.493157,0.28899
47501,556,3189,244,0.515135,0.286415
47601,574,3136,253,0.514446,0.295292
47701,563,3169,260,0.5139,0.289326
47801,556,3139,258,0.499421,0.277678
47901,536,3038,261,0.497766,0.266802
48001,558,3091,247,0.487358,0.271946
48101,567,3173,264,0.525934,0.298205
48201,524,3085,261,0.521818,0.273432
48301,553,3236,260,0.506543,0.280118
48401,585,3233,263,0.498526,0.291638
48501,572,3288,261,0.521461,0.298276
48601,573,3113,256,0.50698,0.2905
48701,529,3153,256,0.538896,0.285076
48801,560,3206,265,0.4888,0.273728
48901,543,3157,264,0.492515,0.267436
49001,543,3137,252,0.504907,0.274165
49101,555,3162,256,0.521696,0.289541
49201,551,3271,255,0.50949,0.280729
49301,537,3171,258,0.519934,0.279205
49401,523,3126,254,0.502584,0.262851
49501,539,3201,261,0.530044,0.285694
49601,522,3152,266,0.506618,0.264455
49701,542,3133,256,0.490941,0.26609
49801,532,3064,260,0.518476,0.275829
49901,574,3157,258,0.512772,0.294331
