cycle,Population_size,Deleterious_muts,Beneficial_muts,Mean_fitness,Intrinsic_fitness
1,1000,0,0,1.0,1.0
101,699,2356,41,0.520862,0.364083
201,680,2481,37,0.522392,0.355227
301,685,2564,52,0.517829,0.354713
401,671,2583,38,0.519141,0.348344
501,686,2569,51,0.510692,0.350335
601,674,2544,36,0.516341,0.348014
701,707,2680,47,0.504649,0.356787
801,666,2632,47,0.513577,0.342042
901,654,2619,49,0.506634,0.331339
1001,684,2641,43,0.49104,0.335871
1101,634,2547,48,0.516888,0.327707
1201,672,2630,53,0.541742,0.364051
1301,649,2610,51,0.507465,0.329345
1401,651,2601,51,0.515191,0.335389
1501,643,2617,57,0.485356,0.312084
1601,635,2627,49,0.503379,0.319646
1701,681,2681,51,0.482196,0.328376
1801,681,2702,54,0.514304,0.350241
1901,658,2588,50,0.529466,0.348389
2001,638,2683,54,0.483485,0.308463
2101,642,2672,58,0.515686,0.33107
2201,625,2587,56,0.516031,0.322519
2301,628,2650,73,0.508281,0.3192
2401,647,2639,56,0.492603,0.318714
2501,647,2716,75,0.509967,0.329949
2601,648,2751,67,0.492991,0.319458
2701,642,2722,71,0.522145,0.335217
2801,648,2749,74,0.500376,0.324244
2901,622,2640,65,0.493708,0.307086
3001,663,2657,62,0.527856,0.349968
3101,649,2678,57,0.523186,0.339547
3201,614,2649,66,0.51038,0.313373
3301,613,2578,64,0.529588,0.324638
3401,627,2689,73,0.504389,0.316252
3501,643,2665,71,0.53162,0.341831
3601,647,2621,79,0.529911,0.342853
3701,645,2653,59,0.520645,0.335816
3801,669,2752,66,0.495119,0.331234
3901,633,2621,76,0.524625,0.332088
4001,625,2683,76,0.511243,0.319527
4101,628,2600,76,0.53081,0.333348
4201,627,2603,74,0.50909,0.319199
4301,612,2721,77,0.538209,0.329384
4401,654,2761,79,0.506026,0.330941
4501,650,2614,72,0.528362,0.343435
4601,619,2522,71,0.558767,0.345877
4701,643,2665,73,0.529838,0.340686
4801,656,2653,62,0.512917,0.336474
4901,628,2725,65,0.518173,0.325412
5001,627,2601,70,0.511415,0.320657
5101,682,2734,69,0.495383,0.337851
5201,614,2771,68,0.503965,0.309434
5301,631,2722,70,0.48902,0.308571
5401,639,2690,66,0.502565,0.321139
5501,668,2754,87,0.507966,0.339321
5601,635,2788,75,0.533793,0.338958
5701,640,2738,80,0.502117,0.321355
5801,642,2665,77,0.54043,0.346956
5901,631,2693,84,0.496798,0.313479
6001,658,2796,81,0.493686,0.324845
6101,624,2698,73,0.510561,0.31859
6201,642,2775,77,0.501624,0.322042
6301,637,2741,81,0.500337,0.318715
6401,644,2764,74,0.514013,0.331025
6501,624,2792,77,0.506262,0.315908
6601,642,2758,74,0.525181,0.337166
6701,619,2760,78,0.499198,0.309003
6801,617,2684,93,0.515324,0.317955
6901,629,2630,74,0.485572,0.305425
7001,593,2714,87,0.535831,0.317748
7101,615,2644,93,0.506562,0.311536
7201,642,2647,88,0.524204,0.336539
7301,603,2596,98,0.528799,0.318866
7401,633,2649,103,0.507051,0.320963
7501,592,2698,93,0.500253,0.29615
7601,599,2698,96,0.503428,0.301553
7701,612,2744,98,0.514812,0.315065
7801,626,2721,103,0.508267,0.318175
7901,609,2806,102,0.48846,0.297472
8001,648,2644,107,0.542648,0.351636
8101,635,2755,98,0.512594,0.325497
8201,672,2766,95,0.512231,0.344219
8301,640,2801,104,0.494619,0.316556
8401,640,2827,95,0.516206,0.330372
8501,634,2695,89,0.525946,0.33345
8601,645,2719,98,0.528033,0.340582
8701,617,2674,85,0.527917,0.325725
8801,641,2659,94,0.505017,0.323716
8901,608,2743,106,0.515218,0.313253
9001,585,2723,95,0.512419,0.299765
9101,602,2708,99,0.506932,0.305173
9201,636,2761,103,0.501037,0.31866
9301,649,2742,96,0.517623,0.335938
9401,627,2770,102,0.510275,0.319942
9501,620,2712,103,0.506413,0.313976
9601,629,2765,103,0.5015,0.315444
9701,649,2646,102,0.512579,0.332664
9801,611,2677,102,0.521531,0.318656
9901,586,2690,103,0.518785,0.304008
10001,632,2723,109,0.521235,0.32942
10101,609,2690,103,0.53429,0.325383
10201,625,2846,110,0.493844,0.308653
10301,628,2699,104,0.498256,0.312905
10401,626,2704,116,0.509328,0.318839
10501,662,2803,117,0.50161,0.332066
10601,626,2689,116,0.513802,0.32164
10701,629,2881,121,0.513298,0.322864
10801,618,2830,116,0.530116,0.327612
10901,669,2880,108,0.522218,0.349364
11001,642,2904,108,0.49982,0.320885
11101,682,2861,105,0.533526,0.363865
11201,656,2762,105,0.514745,0.337672
11301,666,2858,106,0.505107,0.336401
11401,656,2874,115,0.519712,0.340931
11501,638,2851,109,0.54059,0.344896
11601,623,2800,112,0.518103,0.322778
11701,633,2752,121,0.513767,0.325214
11801,611,2757,106,0.511673,0.312632
11901,646,2799,124,0.502977,0.324923
12001,626,2774,113,0.516598,0.323391
12101,607,2779,108,0.52809,0.32055
12201,636,2730,126,0.514458,0.327195
12301,662,2772,108,0.515593,0.341323
12401,632,2763,103,0.526766,0.332916
12501,600,2897,111,0.499787,0.299872
12601,659,2810,112,0.531475,0.350242
12701,670,2886,106,0.512066,0.343084
12801,627,2879,116,0.55117,0.345584
12901,652,2892,123,0.499456,0.325646
13001,637,2912,113,0.521388,0.332124
13101,610,2790,126,0.522544,0.318752
13201,618,2917,121,0.500761,0.30947
13301,626,2916,112,0.518938,0.324855
13401,633,2934,121,0.5045,0.319349
13501,614,2914,129,0.520013,0.319288
13601,598,2807,123,0.510186,0.305091
13701,610,2754,121,0.483889,0.295173
13801,616,2827,118,0.507313,0.312505
13901,606,2876,120,0.513607,0.311246
14001,667,2800,131,0.534087,0.356236
14101,645,2872,143,0.493972,0.318612
14201,608,2828,133,0.499975,0.303985
14301,656,2787,128,0.53427,0.350481
14401,627,2835,130,0.532003,0.333566
14501,616,2850,128,0.514828,0.317134
14601,629,2796,127,0.54301,0.341553
14701,596,2798,114,0.500612,0.298365
14801,659,2930,124,0.503778,0.33199
14901,648,2965,121,0.515769,0.334218
15001,642,2804,119,0.525859,0.337601
15101,639,2836,121,0.506456,0.323625
15201,651,2839,116,0.498564,0.324565
15301,599,2855,119,0.517938,0.310245
15401,614,2810,126,0.516736,0.317276
15501,594,2862,125,0.526426,0.312697
15601,623,2805,128,0.528228,0.329086
15701,610,2835,124,0.52294,0.318993
15801,659,2876,129,0.524488,0.345637
15901,611,2797,131,0.519619,0.317487
16001,610,2746,125,0.505529,0.308373
16101,638,2899,129,0.531279,0.338956
16201,635,2844,118,0.499045,0.316893
16301,595,2801,127,0.53514,0.318408
16401,641,2873,130,0.500106,0.320568
16501,621,2890,125,0.502155,0.311838
16601,633,2801,130,0.506947,0.320897
16701,648,2841,136,0.517476,0.335324
16801,622,2883,125,0.500752,0.311468
16901,636,2907,128,0.491191,0.312398
17001,615,2826,140,0.551411,0.339118
17101,618,2803,137,0.520661,0.321769
17201,613,2863,133,0.519524,0.318469
17301,611,2811,138,0.520264,0.317881
17401,643,2891,142,0.501919,0.322734
17501,629,2881,138,0.518614,0.326208
17601,613,2952,143,0.507517,0.311108
17701,607,2868,140,0.492483,0.298937
17801,625,2917,136,0.516121,0.322575
17901,615,2963,142,0.501644,0.308511
18001,625,2909,138,0.535605,0.334753
18101,637,2951,140,0.502863,0.320324
18201,626,2881,140,0.538403,0.33704
18301,603,2889,143,0.52,0.31356
18401,651,2944,146,0.516771,0.336418
18501,642,3011,142,0.498089,0.319773
18601,627,2826,149,0.520261,0.326204
18701,632,2878,134,0.511536,0.32329
18801,642,2878,147,0.494023,0.317163
18901,626,2877,140,0.494083,0.309296
19001,647,2950,141,0.512881,0.331834
19101,622,2875,146,0.509032,0.316618
19201,698,2946,157,0.49918,0.348428
19301,636,2877,151,0.501077,0.318685
19401,651,2984,147,0.524598,0.341513
19501,642,2974,146,0.491823,0.315751
19601,682,2915,141,0.515123,0.351314
19701,633,2862,149,0.509915,0.322776
19801,637,2930,143,0.51232,0.326348
19901,645,2925,139,0.559079,0.360606
20001,620,2870,153,0.514639,0.319076
20101,653,2839,141,0.512848,0.334889
20201,609,2783,152,0.516834,0.314752
20301,649,2966,149,0.482122,0.312897
20401,633,2981,154,0.506375,0.320536
20501,610,2939,142,0.51036,0.31132
20601,592,2864,157,0.524701,0.310623
20701,605,2909,165,0.540617,0.327074
20801,607,2841,159,0.514484,0.312292
20901,615,2953,160,0.485705,0.298709
21001,633,2948,164,0.511281,0.323641
21101,617,3079,185,0.514235,0.317283
21201,628,2931,181,0.504958,0.317114
21301,601,2948,179,0.50128,0.301269
21401,649,2869,171,0.522051,0.338811
21501,627,3014,176,0.540344,0.338796
21601,643,3063,176,0.509715,0.327747
21701,611,3023,179,0.513283,0.313616
21801,657,3046,167,0.49098,0.322574
21901,633,2968,170,0.519148,0.328621
22001,629,3027,178,0.514001,0.323307
22101,643,2990,187,0.518572,0.333442
22201,651,3020,177,0.500247,0.325661
22301,625,2983,173,0.489675,0.306047
22401,634,3027,174,0.525282,0.333029
22501,638,3002,172,0.543608,0.346822
22601,626,2915,164,0.505563,0.316482
22701,642,2966,174,0.514068,0.330031
22801,655,3024,172,0.529497,0.346821
22901,643,3003,185,0.533175,0.342831
23001,657,3083,187,0.523521,0.343953
23101,645,3053,194,0.504882,0.325649
23201,579,2871,190,0.516816,0.299237
23301,638,3047,180,0.509399,0.324997
23401,636,3009,185,0.508916,0.32367
23501,662,3157,196,0.523683,0.346678
23601,662,3007,184,0.513405,0.339874
23701,648,3100,189,0.493685,0.319908
23801,640,3061,180,0.533935,0.341718
23901,657,3016,179,0.525884,0.345506
24001,632,3014,174,0.500579,0.316366
24101,662,2963,183,0.507988,0.336288
24201,651,3065,187,0.503928,0.328057
24301,647,3121,187,0.500926,0.324099
24401,647,3084,181,0.514941,0.333167
24501,654,3101,176,0.502461,0.328609
24601,635,3050,184,0.526336,0.334223
24701,671,2958,171,0.531405,0.356573
24801,627,2936,182,0.497866,0.312162
24901,617,2896,177,0.519644,0.32062
25001,647,3045,177,0.500718,0.323965
25101,684,3062,185,0.511665,0.349979
25201,656,2982,187,0.513084,0.336583
25301,597,3161,189,0.503744,0.300735
25401,656,3083,181,0.522918,0.343034
25501,612,3018,185,0.514781,0.315046
25601,640,2998,183,0.532449,0.340768
25701,645,3051,181,0.521066,0.336087
25801,651,3057,182,0.513116,0.334038
25901,639,3054,179,0.518218,0.331141
26001,641,3103,175,0.508586,0.326004
26101,672,3005,199,0.506982,0.340692
26201,637,3018,179,0.509603,0.324617
26301,611,3018,183,0.508656,0.310789
26401,636,3086,185,0.517628,0.329212
26501,634,3018,183,0.509871,0.323258
26601,669,3025,181,0.518054,0.346578
26701,642,3083,186,0.484863,0.311282
26801,611,3143,177,0.523515,0.319868
26901,624,3101,196,0.50814,0.317079
27001,678,3110,191,0.506326,0.343289
27101,645,3120,187,0.522082,0.336743
27201,631,3076,192,0.543091,0.34269
27301,656,3161,184,0.500749,0.328491
27401,658,3239,197,0.482312,0.317362
27501,646,3069,191,0.545981,0.352704
27601,638,3075,194,0.527468,0.336524
27701,676,3086,189,0.531066,0.359001
27801,677,3081,190,0.515382,0.348914
27901,666,3077,193,0.485991,0.32367
28001,683,3187,197,0.504812,0.344786
28101,638,3172,205,0.499803,0.318874
28201,666,3114,207,0.521132,0.347074
28301,635,3193,199,0.490768,0.311638
28401,700,3143,201,0.487762,0.341434
28501,677,3151,208,0.508295,0.344116
28601,683,3100,199,0.511266,0.349195
28701,661,3173,199,0.527244,0.348508
28801,639,3250,198,0.497209,0.317716
28901,628,3096,195,0.519859,0.326471
29001,660,3245,197,0.508067,0.335324
29101,674,3150,211,0.512812,0.345635
29201,650,3067,213,0.530855,0.345056
29301,658,3096,203,0.531502,0.349728
29401,678,3192,203,0.524818,0.355827
29501,656,3127,204,0.511737,0.335699
29601,665,3146,201,0.51698,0.343792
29701,634,3154,198,0.507094,0.321498
29801,651,3235,213,0.511668,0.333096
29901,655,3181,211,0.527363,0.345423
30001,648,3101,208,0.494698,0.320564
30101,688,3196,211,0.497767,0.342463
30201,650,3060,220,0.53395,0.347067
30301,664,3092,224,0.52142,0.346223
30401,625,3077,214,0.537572,0.335982
30501,663,3203,217,0.518809,0.34397
30601,664,3290,225,0.516482,0.342944
30701,692,3228,217,0.532609,0.368566
30801,705,3263,214,0.496172,0.349801
30901,626,3144,209,0.512972,0.32112
31001,660,3173,210,0.502716,0.331793
31101,662,3274,204,0.491592,0.325434
31201,664,3245,204,0.511422,0.339585
31301,644,3153,217,0.480729,0.30959
31401,609,3158,212,0.520326,0.316879
31501,632,3136,207,0.504928,0.319115
31601,617,3141,204,0.502202,0.309858
31701,627,3067,212,0.514336,0.322488
31801,661,3230,211,0.519658,0.343494
31901,652,3206,214,0.513364,0.334713
32001,641,3199,210,0.480178,0.307794
32101,659,3146,210,0.508337,0.334994
32201,675,3292,215,0.51552,0.347976
32301,660,3178,216,0.52139,0.344118
32401,637,3170,215,0.523234,0.3333
32501,649,3106,208,0.523468,0.339731
32601,683,3212,207,0.52606,0.359299
32701,663,3239,227,0.499348,0.331067
32801,676,3258,214,0.522162,0.352982
32901,674,3190,211,0.515268,0.347291
33001,635,3076,212,0.504306,0.320234
33101,597,3206,211,0.51001,0.304476
33201,623,3134,217,0.523861,0.326366
33301,667,3182,215,0.50992,0.340117
33401,671,3233,224,0.524742,0.352102
33501,638,3240,223,0.504601,0.321936
33601,648,3219,215,0.527992,0.342139
33701,654,3258,217,0.473678,0.309786
33801,659,3180,222,0.501673,0.330603
33901,702,3270,234,0.502749,0.35293
34001,704,3282,228,0.511777,0.360291
34101,669,3307,235,0.501321,0.335384
34201,634,3243,227,0.501018,0.317645
34301,658,3262,223,0.503223,0.33112
34401,624,3163,216,0.505582,0.315483
34501,663,3307,227,0.516849,0.342671
34601,657,3224,233,0.524204,0.344402
34701,646,3280,223,0.530156,0.342481
34801,634,3251,226,0.539384,0.341969
34901,634,3218,235,0.510973,0.323957
35001,627,3205,234,0.497342,0.311834
35101,667,3205,227,0.484025,0.322845
35201,663,3157,234,0.529707,0.351196
35301,673,3272,226,0.509826,0.343113
35401,644,3312,246,0.540704,0.348213
35501,653,3216,233,0.491448,0.320916
35601,654,3290,234,0.484528,0.316882
35701,617,3282,234,0.494333,0.305003
35801,647,3292,222,0.519452,0.336086
35901,668,3258,238,0.520836,0.347918
36001,675,3178,239,0.499513,0.337171
36101,649,3217,249,0.500079,0.324551
36201,645,3255,242,0.513957,0.331502
36301,638,3230,242,0.506924,0.323417
36401,663,3229,252,0.502479,0.333143
36501,651,3252,247,0.527898,0.343662
36601,640,3265,243,0.506012,0.323848
36701,645,3170,236,0.51184,0.330137
36801,640,3163,238,0.514908,0.329541
36901,646,3254,233,0.490223,0.316684
37001,639,3285,244,0.515054,0.32912
37101,641,3315,238,0.49391,0.316596
37201,670,3269,235,0.532497,0.356773
37301,658,3371,243,0.504216,0.331774
37401,650,3266,253,0.519287,0.337537
37501,650,3386,245,0.532287,0.345987
37601,628,3331,258,0.519651,0.326341
37701,607,3251,241,0.519679,0.315445
37801,651,3217,238,0.528286,0.343914
37901,626,3273,243,0.54162,0.339054
38001,637,3327,245,0.492503,0.313724
38101,682,3333,237,0.495147,0.33769
38201,662,3269,230,0.523625,0.34664
38301,641,3313,242,0.479563,0.3074
38401,661,3297,247,0.510511,0.337448
38501,644,3257,245,0.506936,0.326467
38601,631,3351,251,0.506919,0.319866
38701,676,3355,247,0.527302,0.356456
38801,640,3336,242,0.521517,0.333771
38901,652,3265,241,0.548965,0.357925
39001,675,3401,233,0.492028,0.332119
39101,651,3289,241,0.509504,0.331687
39201,672,3351,243,0.536646,0.360626
39301,674,3212,247,0.536146,0.361362
39401,620,3278,243,0.508663,0.315371
39501,616,3348,252,0.521402,0.321184
39601,636,3245,245,0.538252,0.342328
39701,645,3308,249,0.508976,0.328289
39801,632,3325,255,0.518204,0.327505
39901,615,3247,260,0.494648,0.304208
40001,683,3330,264,0.513148,0.35048
40101,673,3319,255,0.497525,0.334834
40201,650,3303,258,0.507306,0.329749
40301,666,3320,260,0.521025,0.347003
40401,645,3343,262,0.505356,0.325954
40501,647,3252,245,0.497247,0.321719
40601,614,3308,247,0.496655,0.304946
40701,672,3375,245,0.500798,0.336536
40801,637,3222,245,0.507715,0.323415
40901,607,3270,248,0.530252,0.321863
41001,635,3231,247,0.491047,0.311815
41101,617,3243,250,0.511346,0.3155
41201,634,3287,251,0.518022,0.328426
41301,613,3324,254,0.499334,0.306092
41401,639,3217,254,0.532157,0.340048
41501,596,3215,267,0.513454,0.306018
41601,661,3341,244,0.498319,0.329389
41701,646,3318,248,0.507391,0.327774
41801,624,3163,256,0.544108,0.339523
41901,633,3314,241,0.522939,0.33102
42001,654,3359,254,0.487305,0.318698
42101,646,3207,253,0.50517,0.32634
42201,655,3246,254,0.510584,0.334433
42301,616,3228,260,0.541921,0.333823
42401,644,3223,253,0.505516,0.325552
42501,641,3289,270,0.50223,0.32193
42601,684,3286,270,0.515841,0.352835
42701,630,3325,264,0.524727,0.330578
42801,616,3303,272,0.509588,0.313906
42901,627,3332,271,0.500114,0.313571
43001,624,3245,261,0.536838,0.334987
43101,611,3285,258,0.515254,0.31482
43201,619,3361,256,0.53023,0.328213
43301,626,3294,260,0.524714,0.328471
43401,606,3235,254,0.513924,0.311438
43501,616,3279,264,0.522307,0.321741
43601,602,3180,256,0.526413,0.316901
43701,682,3365,258,0.509063,0.347181
43801,605,3200,254,0.47633,0.28818
43901,613,3277,270,0.505444,0.309837
44001,609,3311,265,0.510017,0.310601
44101,642,3256,257,0.51919,0.33332
44201,620,3305,265,0.530435,0.32887
44301,583,3170,268,0.508826,0.296645
44401,615,3140,268,0.500034,0.307521
44501,645,3336,271,0.531794,0.343007
44601,628,3269,279,0.526507,0.330647
44701,605,3328,260,0.520798,0.315083
44801,625,3269,271,0.503977,0.314985
44901,639,3348,257,0.513438,0.328087
45001,657,3322,262,0.537032,0.35283
45101,598,3325,261,0.521224,0.311692
45201,657,3349,263,0.5284,0.347159
45301,606,3271,274,0.51465,0.311878
45401,645,3401,264,0.507153,0.327114
45501,627,3400,259,0.508961,0.319119
45601,677,3353,266,0.525645,0.355862
45701,643,3212,264,0.532569,0.342442
45801,639,3316,264,0.509419,0.325519
45901,631,3313,264,0.499896,0.315435
46001,638,3363,278,0.524219,0.334452
46101,654,3228,271,0.504609,0.330014
46201,654,3342,270,0.555265,0.363143
46301,665,3468,269,0.500222,0.332647
46401,654,3378,277,0.521327,0.340948
46501,637,3373,282,0.519538,0.330946
46601,643,3341,277,0.514423,0.330774
46701,635,3337,278,0.521938,0.331431
46801,616,3355,285,0.515637,0.317633
46901,642,3374,283,0.509665,0.327205
47001,639,3357,279,0.511236,0.32668
47101,612,3350,273,0.503823,0.30834
47201,690,3373,284,0.511554,0.352972
47301,627,3313,281,0.50713,0.317971
47401,624,3371,275,0.509897,0.318175
47501,635,3359,282,0.542531,0.344507
47601,616,3461,269,0.486551,0.299716
47701,625,3379,279,0.532393,0.332745
47801,601,3261,282,0.502674,0.302107
47901,618,3330,270,0.521774,0.322457
48001,612,3228,277,0.534388,0.327045
48101,600,3288,277,0.50543,0.303258
48201,660,3295,276,0.519376,0.342788
48301,607,3342,287,0.538376,0.326795
48401,629,3226,281,0.552255,0.347368
48501,645,3404,287,0.52734,0.340134
48601,606,3360,285,0.522377,0.31656
48701,612,3363,287,0.507687,0.310704
48801,565,3236,282,0.504439,0.285008
48901,601,3267,276,0.499012,0.299906
49001,601,3292,291,0.501132,0.30118
49101,611,3332,281,0.520071,0.317763
49201,592,3368,284,0.518779,0.307117
49301,661,3395,291,0.524708,0.346832
49401,640,3320,284,0.519081,0.332212
49501,602,3312,277,0.512671,0.308628
49601,594,3262,277,0.502455,0.298458
49701,595,3267,282,0.543528,0.323399
49801,622,3404,299,0.504431,0.313756
49901,638,3337,285,0.500175,0.319111
50001,606,3432,290,0.507159,0.307338
50101,646,3433,295,0.498422,0.321981
50201,613,3404,297,0.501308,0.307302
50301,609,3390,292,0.523878,0.319042
50401,606,3360,285,0.487278,0.295291
50501,645,3415,296,0.493239,0.318139
50601,629,3440,300,0.49897,0.313852
50701,639,3413,295,0.480012,0.306728
50801,639,3396,300,0.496045,0.316973
50901,606,3378,296,0.53344,0.323265
51001,631,3339,302,0.500954,0.316102
51101,634,3346,301,0.538484,0.341399
51201,620,3327,300,0.507645,0.31474
51301,651,3395,306,0.500592,0.325886
51401,621,3338,307,0.51872,0.322125
51501,621,3373,308,0.504401,0.313233
51601,576,3407,303,0.498477,0.287123
51701,570,3300,294,0.506951,0.288962
51801,645,3363,307,0.505942,0.326333
51901,601,3347,302,0.488381,0.293517
52001,614,3295,295,0.516745,0.317281
52101,617,3347,317,0.52112,0.321531
52201,612,3293,308,0.509925,0.312074
52301,615,3286,311,0.521418,0.320672
52401,603,3384,301,0.517943,0.31232
52501,622,3338,314,0.50939,0.31684
52601,611,3352,315,0.534588,0.326633
52701,625,3391,301,0.513053,0.320658
52801,614,3418,308,0.518331,0.318255
52901,625,3384,303,0.512981,0.320613
53001,629,3445,310,0.521033,0.32773
53101,659,3429,304,0.483495,0.318623
53201,601,3318,313,0.503047,0.302332
53301,654,3443,304,0.48514,0.317282
53401,635,3342,310,0.533483,0.338761
53501,606,3461,310,0.511998,0.310271
53601,633,3380,306,0.507419,0.321196
53701,632,3366,313,0.50442,0.318793
53801,591,3345,305,0.479377,0.283312
53901,601,3536,323,0.51216,0.307808
54001,643,3450,305,0.515863,0.3317
54101,571,3416,304,0.523269,0.298787
54201,587,3311,304,0.535864,0.314552
54301,626,3451,307,0.53126,0.332569
54401,614,3391,303,0.508578,0.312267
54501,603,3381,307,0.505441,0.304781
54601,645,3466,322,0.518426,0.334385
54701,655,3455,307,0.494777,0.324079
54801,597,3363,306,0.512015,0.305673
54901,631,3407,312,0.498088,0.314294
55001,615,3453,305,0.522346,0.321243
55101,640,3449,300,0.524031,0.33538
55201,641,3471,309,0.492028,0.31539
55301,610,3505,311,0.506692,0.309082
55401,616,3431,310,0.527864,0.325164
55501,576,3392,311,0.497225,0.286401
55601,617,3536,302,0.490256,0.302488
55701,600,3471,301,0.516193,0.309716
55801,595,3418,311,0.519065,0.308844
55901,610,3466,305,0.520904,0.317751
56001,626,3509,310,0.535966,0.335515
56101,626,3486,312,0.502842,0.314779
56201,594,3416,315,0.496771,0.295082
56301,604,3436,316,0.512865,0.309771
56401,616,3378,302,0.538874,0.331946
56501,641,3398,304,0.524688,0.336325
56601,643,3551,312,0.511546,0.328924
56701,609,3409,321,0.515288,0.31381
56801,596,3393,316,0.539111,0.32131
56901,586,3448,316,0.521135,0.305385
57001,613,3439,314,0.497976,0.305259
57101,588,3311,306,0.548456,0.322492
57201,557,3355,301,0.502356,0.279812
57301,631,3476,322,0.511717,0.322893
57401,610,3377,311,0.514996,0.314148
57501,610,3509,314,0.509795,0.310975
57601,581,3477,313,0.509599,0.296077
57701,607,3384,314,0.499475,0.303181
57801,597,3433,310,0.488159,0.291431
57901,619,3507,325,0.495466,0.306693
58001,647,3492,318,0.516942,0.334461
58101,632,3525,322,0.528094,0.333756
58201,620,3570,329,0.519586,0.322143
58301,588,3519,321,0.519188,0.305282
58401,588,3544,321,0.485531,0.285492
58501,638,3475,329,0.529674,0.337932
58601,617,3468,330,0.524116,0.32338
58701,585,3437,337,0.479179,0.28032
58801,632,3536,331,0.554491,0.350438
58901,620,3556,330,0.473952,0.29385
59001,644,3527,336,0.506938,0.326468
59101,586,3449,327,0.499337,0.292611
59201,618,3513,326,0.51141,0.316051
59301,602,3461,333,0.555525,0.334426
59401,606,3504,333,0.531337,0.32199
59501,645,3556,328,0.506896,0.326948
59601,605,3389,331,0.508004,0.307342
59701,654,3441,337,0.541829,0.354356
59801,618,3468,338,0.521389,0.322219
59901,594,3406,329,0.5004,0.297238
60001,604,3513,332,0.490756,0.296416
60101,602,3464,324,0.503113,0.302874
60201,620,3503,347,0.483231,0.299603
60301,601,3484,336,0.526969,0.316708
60401,612,3496,329,0.520133,0.318322
60501,583,3564,330,0.539577,0.314573
60601,590,3555,342,0.521781,0.307851
60701,616,3602,335,0.512425,0.315654
60801,625,3479,336,0.532723,0.332952
60901,620,3545,342,0.494715,0.306723
61001,614,3486,333,0.509449,0.312802
61101,611,3522,346,0.501288,0.306287
61201,606,3558,346,0.502276,0.304379
61301,621,3544,347,0.521978,0.324148
61401,589,3546,333,0.530631,0.312542
61501,609,3628,340,0.475937,0.289845
61601,606,3415,331,0.518811,0.314399
61701,643,3518,330,0.527293,0.339049
61801,611,3546,333,0.519485,0.317405
61901,619,3435,343,0.507137,0.313918
62001,631,3496,340,0.502638,0.317165
62101,584,3502,343,0.488379,0.285213
62201,596,3492,352,0.535125,0.318935
62301,632,3615,348,0.520059,0.328678
62401,638,3635,349,0.50254,0.32062
62501,609,3520,355,0.525021,0.319738
62601,610,3580,343,0.505488,0.308348
62701,593,3541,344,0.520706,0.308779
62801,564,3406,345,0.50705,0.285976
62901,627,3548,345,0.512514,0.321346
63001,623,3569,348,0.515207,0.320974
63101,619,3609,356,0.498253,0.308418
63201,613,3604,348,0.535445,0.328228
63301,611,3546,350,0.501889,0.306654
63401,610,3510,348,0.549599,0.335255
63501,621,3579,348,0.515949,0.320405
63601,610,3503,348,0.535265,0.326512
63701,595,3491,351,0.544142,0.323765
63801,667,3524,358,0.509768,0.340016
63901,616,3603,338,0.505117,0.311152
64001,629,3621,336,0.500518,0.314826
64101,605,3581,340,0.510822,0.309047
64201,589,3589,348,0.507136,0.298703
64301,609,3514,353,0.507154,0.308857
64401,589,3458,343,0.499589,0.294258
64501,613,3540,338,0.519841,0.318662
64601,566,3532,345,0.513261,0.290506
64701,630,3577,340,0.540355,0.340424
64801,587,3498,344,0.506469,0.297297
64901,631,3629,355,0.497333,0.313817
65001,600,3596,362,0.483602,0.290161
65101,605,3492,353,0.511371,0.30938
65201,600,3502,356,0.539162,0.323497
65301,593,3533,359,0.504838,0.299369
65401,607,3601,355,0.524157,0.318163
65501,590,3574,371,0.520718,0.307223
65601,630,3682,370,0.490995,0.309327
65701,605,3635,361,0.50438,0.30515
65801,604,3502,365,0.545976,0.32977
65901,602,3563,360,0.503193,0.302922
66001,588,3569,358,0.510145,0.299965
66101,624,3577,371,0.5487,0.342389
66201,618,3695,375,0.524042,0.323858
66301,598,3478,362,0.49064,0.293403
66401,647,3675,351,0.506821,0.327913
66501,630,3557,362,0.491218,0.309467
66601,593,3541,369,0.502663,0.298079
66701,610,3531,363,0.488935,0.29825
66801,594,3585,355,0.49726,0.295372
66901,621,3593,363,0.507609,0.315225
67001,631,3628,378,0.491898,0.310387
67101,602,3596,370,0.511916,0.308174
67201,601,3453,374,0.534646,0.321322
67301,593,3468,377,0.498314,0.2955
67401,603,3605,382,0.505798,0.304996
67501,608,3558,364,0.535472,0.325567
67601,610,3503,369,0.502487,0.306517
67701,622,3577,368,0.522834,0.325203
67801,636,3743,369,0.496451,0.315743
67901,604,3592,367,0.527262,0.318466
68001,597,3617,373,0.512518,0.305973
68101,604,3543,372,0.511347,0.308854
68201,621,3537,376,0.531822,0.330261
68301,590,3440,378,0.523529,0.308882
68401,614,3593,382,0.481839,0.295849
68501,592,3615,374,0.517203,0.306184
68601,592,3629,371,0.493907,0.292393
68701,559,3623,368,0.484959,0.271092
68801,607,3594,380,0.510461,0.30985
68901,580,3645,372,0.514017,0.29813
69001,617,3636,371,0.481749,0.297239
69101,610,3590,366,0.502233,0.306362
69201,627,3570,376,0.529643,0.332086
69301,615,3578,379,0.51878,0.31905
69401,628,3692,383,0.483045,0.303352
69501,579,3618,378,0.531607,0.3078
69601,584,3573,375,0.513648,0.299971
69701,640,3655,383,0.549157,0.35146
69801,595,3699,381,0.513291,0.305408
69901,591,3638,372,0.497403,0.293965
70001,590,3487,384,0.521677,0.30779
70101,602,3677,392,0.512128,0.308301
70201,596,3682,387,0.506711,0.302
70301,585,3566,382,0.507034,0.296615
70401,620,3642,382,0.515557,0.319646
70501,579,3635,384,0.530898,0.30739
70601,602,3649,380,0.51411,0.309494
70701,589,3646,391,0.491594,0.289549
70801,576,3653,384,0.48844,0.281341
70901,604,3656,375,0.520317,0.314271
71001,613,3712,383,0.527488,0.32335
71101,630,3691,381,0.508069,0.320084
71201,606,3601,389,0.495923,0.30053
71301,593,3721,383,0.511447,0.303288
71401,607,3720,385,0.511212,0.310306
71501,566,3613,386,0.51653,0.292356
71601,604,3617,385,0.529618,0.319889
71701,619,3659,390,0.489539,0.303025
71801,618,3705,389,0.519865,0.321277
71901,622,3637,404,0.508871,0.316518
72001,595,3666,391,0.527209,0.313689
72101,621,3776,388,0.494789,0.307264
72201,606,3582,392,0.525617,0.318524
72301,617,3743,385,0.500991,0.309111
72401,609,3742,386,0.493609,0.300608
72501,576,3600,389,0.482036,0.277653
72601,570,3705,380,0.518857,0.295749
72701,616,3634,392,0.544806,0.3356
72801,615,3545,378,0.522161,0.321129
72901,609,3654,393,0.507708,0.309194
73001,600,3655,383,0.492354,0.295413
73101,592,3576,379,0.509183,0.301436
73201,576,3718,388,0.502555,0.289472
73301,587,3662,398,0.524326,0.307779
73401,574,3732,388,0.494903,0.284074
73501,615,3704,393,0.481811,0.296313
73601,576,3732,397,0.500318,0.288183
73701,572,3624,394,0.500105,0.28606
73801,607,3701,396,0.517705,0.314247
73901,607,3624,390,0.501034,0.304128
74001,578,3620,403,0.542199,0.313391
74101,591,3642,403,0.524664,0.310077
74201,596,3701,391,0.520379,0.310146
74301,604,3712,395,0.512882,0.309781
74401,614,3753,402,0.518335,0.318258
74501,591,3641,404,0.535755,0.316631
74601,618,3654,408,0.518395,0.320368
74701,561,3700,402,0.509523,0.285842
74801,547,3656,412,0.50086,0.27397
74901,564,3602,406,0.519388,0.292935
75001,591,3809,414,0.525312,0.31046
75101,609,3634,399,0.50104,0.305133
75201,586,3727,402,0.519666,0.304524
75301,569,3688,408,0.504457,0.287036
75401,614,3764,413,0.503044,0.308869
75501,615,3777,415,0.51179,0.314751
75601,605,3818,420,0.512146,0.309849
75701,617,3714,424,0.489897,0.302266
75801,595,3754,413,0.522547,0.310915
75901,613,3764,420,0.520047,0.318789
76001,628,3775,416,0.518549,0.325649
76101,595,3797,418,0.510752,0.303897
76201,641,3680,419,0.524325,0.336092
76301,595,3723,418,0.486356,0.289382
76401,617,3779,422,0.505431,0.311851
76501,624,3806,426,0.521773,0.325586
76601,606,3844,422,0.507299,0.307423
76701,589,3768,417,0.508143,0.299296
76801,596,3761,411,0.502217,0.299321
76901,605,3796,414,0.510652,0.308945
77001,588,3701,413,0.527425,0.310126
77101,632,3791,413,0.531626,0.335988
77201,610,3833,411,0.506999,0.30927
77301,601,3774,414,0.514682,0.309324
77401,610,3865,415,0.513847,0.313446
77501,623,3890,416,0.50949,0.317412
77601,622,3870,413,0.510049,0.31725
77701,594,3783,412,0.545156,0.323823
77801,619,3797,416,0.501534,0.31045
77901,623,3832,416,0.525821,0.327587
78001,639,3810,420,0.538407,0.344042
78101,628,3920,423,0.524466,0.329365
78201,631,3811,429,0.502059,0.316799
78301,600,3827,425,0.526855,0.316113
78401,629,3872,431,0.502622,0.316149
78501,593,3935,437,0.503659,0.29867
78601,622,3831,430,0.516195,0.321073
78701,623,3970,445,0.504773,0.314474
78801,656,3906,438,0.501794,0.329177
78901,613,3797,430,0.504071,0.308995
79001,641,3891,441,0.503736,0.322895
79101,614,3839,444,0.494375,0.303546
79201,605,3910,442,0.523062,0.316452
79301,590,3803,442,0.520499,0.307095
79401,604,3852,434,0.52091,0.31463
79501,596,3958,446,0.514238,0.306486
79601,624,3869,437,0.50031,0.312193
79701,612,3891,434,0.503979,0.308435
79801,576,3819,437,0.508525,0.29291
79901,602,3897,432,0.495447,0.298259
80001,575,3778,429,0.492447,0.283157
80101,633,3920,431,0.496255,0.314129
80201,598,3847,430,0.512288,0.306348
80301,612,3824,429,0.517473,0.316694
80401,626,3861,433,0.508388,0.318251
80501,631,3801,430,0.543987,0.343256
80601,591,3836,430,0.502471,0.29696
80701,604,3862,442,0.47539,0.287135
80801,653,3887,433,0.507949,0.331691
80901,626,3895,434,0.503653,0.315287
81001,624,3840,439,0.497384,0.310367
81101,615,3737,435,0.514724,0.316555
81201,633,3868,438,0.521836,0.330322
81301,613,3833,450,0.554052,0.339634
81401,606,3860,440,0.515668,0.312495
81501,603,3894,433,0.490903,0.296014
81601,614,3845,439,0.527195,0.323697
81701,579,3810,436,0.49863,0.288707
81801,626,3889,440,0.514562,0.322116
81901,617,3979,436,0.506184,0.312316
82001,632,3866,427,0.503296,0.318083
82101,602,3843,432,0.52602,0.316664
82201,624,3916,438,0.501783,0.313112
82301,637,3933,425,0.508067,0.323639
82401,628,3872,439,0.502923,0.315835
82501,643,3915,438,0.528779,0.340005
82601,628,3840,446,0.516697,0.324486
82701,599,3854,437,0.501646,0.300486
82801,653,3909,443,0.513521,0.335329
82901,642,3916,448,0.544061,0.349287
83001,651,3890,439,0.519798,0.338388
83101,585,3882,428,0.524417,0.306784
83201,601,3744,436,0.503487,0.302596
83301,623,3983,451,0.483277,0.301082
83401,595,3875,447,0.507985,0.302251
83501,622,3965,451,0.50131,0.311815
83601,640,3846,454,0.531012,0.339848
83701,617,3866,450,0.501733,0.30957
83801,604,3869,454,0.510383,0.308271
83901,588,3841,448,0.525673,0.309095
84001,622,3898,461,0.524528,0.326257
84101,637,3905,452,0.533938,0.340118
84201,635,3978,458,0.519701,0.33001
84301,589,3873,458,0.518706,0.305518
84401,638,4011,468,0.505673,0.322619
84501,597,3796,456,0.523222,0.312363
84601,618,3923,454,0.531835,0.328674
84701,617,3893,461,0.5004,0.308747
84801,581,3845,453,0.495921,0.28813
84901,595,3864,452,0.530847,0.315854
85001,631,3962,461,0.532423,0.335959
85101,586,3879,451,0.529779,0.31045
85201,628,3975,452,0.510551,0.320626
85301,593,3863,445,0.51179,0.303492
85401,625,3869,449,0.533377,0.333361
85501,599,3905,451,0.532561,0.319004
85601,629,3909,455,0.522565,0.328694
85701,628,3980,454,0.514352,0.323013
85801,661,4036,458,0.490629,0.324306
85901,629,3932,450,0.528764,0.332593
86001,597,3940,457,0.521783,0.311505
86101,609,3881,462,0.522085,0.31795
86201,611,3935,457,0.523427,0.319814
86301,601,3844,464,0.531356,0.319345
86401,591,3887,460,0.494675,0.292353
86501,609,3923,451,0.514554,0.313363
86601,604,3939,455,0.506363,0.305843
86701,612,3959,454,0.525019,0.321312
86801,608,3954,460,0.527441,0.320684
86901,572,3911,459,0.534326,0.305634
87001,623,3925,471,0.52558,0.327436
87101,602,3880,470,0.496211,0.298719
87201,630,4034,467,0.499406,0.314626
87301,619,3966,468,0.523207,0.323865
87401,641,3960,465,0.521737,0.334433
87501,607,3938,466,0.512009,0.310789
87601,617,4066,467,0.516603,0.318744
87701,578,3931,471,0.516879,0.298756
87801,605,4010,477,0.513083,0.310415
87901,614,4018,477,0.509198,0.312648
88001,574,3933,477,0.522237,0.299764
88101,614,3917,475,0.516092,0.316881
88201,580,3983,471,0.518956,0.300995
88301,609,3939,479,0.532018,0.323999
88401,635,3964,472,0.525078,0.333425
88501,630,3900,475,0.510531,0.321635
88601,623,4006,479,0.494502,0.308075
88701,611,3970,474,0.512668,0.31324
88801,600,3945,478,0.494436,0.296662
88901,628,3948,473,0.508302,0.319214
89001,602,3890,474,0.525181,0.316159
89101,616,3891,474,0.527674,0.325047
89201,612,4047,478,0.504123,0.308523
89301,595,3911,472,0.51356,0.305568
89401,613,3946,485,0.52409,0.321267
89501,615,3971,484,0.513654,0.315897
89601,634,4055,466,0.50675,0.321279
89701,647,3997,481,0.491731,0.31815
89801,602,4015,470,0.497063,0.299232
89901,618,4016,478,0.514286,0.317829
90001,595,3967,476,0.521565,0.310331
90101,613,3966,476,0.500399,0.306744
90201,604,3981,476,0.51466,0.310855
90301,625,4013,479,0.503334,0.314584
90401,613,3983,483,0.498741,0.305728
90501,597,3962,479,0.517851,0.309157
90601,620,4058,487,0.514602,0.319053
90701,602,3982,488,0.515947,0.3106
90801,601,3918,489,0.543357,0.326558
90901,619,4019,484,0.497803,0.30814
91001,606,4054,488,0.542247,0.328602
91101,571,4039,490,0.540916,0.308863
91201,603,3947,479,0.531909,0.320741
91301,602,3938,482,0.551006,0.331706
91401,593,3976,477,0.50842,0.301493
91501,561,3956,493,0.506511,0.284153
91601,614,4061,487,0.503137,0.308926
91701,610,3981,492,0.522722,0.318861
91801,581,4033,497,0.493438,0.286688
91901,609,3898,486,0.52317,0.31861
92001,601,3996,495,0.521449,0.313391
92101,626,4013,507,0.513074,0.321184
92201,626,3983,497,0.52828,0.330703
92301,619,3947,506,0.53541,0.331419
92401,600,3924,492,0.55756,0.334536
92501,624,3973,504,0.50593,0.3157
92601,588,3939,492,0.524911,0.308648
92701,595,3953,500,0.505473,0.300757
92801,594,4037,499,0.519675,0.308687
92901,616,3980,490,0.515934,0.317816
93001,591,3949,503,0.531698,0.314234
93101,605,3989,497,0.512471,0.310045
93201,555,4000,506,0.501141,0.278133
93301,565,3865,497,0.516711,0.291942
93401,556,3873,512,0.512699,0.285061
93501,608,4029,499,0.510646,0.310473
93601,605,4027,499,0.516633,0.312563
93701,562,3953,499,0.521696,0.293193
93801,619,3953,502,0.514408,0.318418
93901,581,3977,509,0.525184,0.305132
94001,579,3994,501,0.502041,0.290682
94101,569,3937,511,0.515249,0.293177
94201,590,3937,499,0.526359,0.310552
94301,571,3899,491,0.523261,0.298782
94401,605,4050,490,0.527113,0.318903
94501,579,3993,489,0.48882,0.283027
94601,604,3973,485,0.518614,0.313243
94701,582,3995,491,0.498241,0.289977
94801,580,3863,506,0.523489,0.303624
94901,588,3946,496,0.529361,0.311264
95001,585,3943,493,0.514375,0.300909
95101,603,4057,498,0.516979,0.311738
95201,583,4025,496,0.528701,0.308233
95301,601,4040,501,0.503629,0.302681
95401,621,4016,501,0.523452,0.325064
95501,601,3989,501,0.511117,0.307181
95601,600,4078,499,0.524597,0.314758
95701,599,4009,498,0.509316,0.30508
95801,553,4023,506,0.552604,0.30559
95901,579,3999,502,0.514963,0.298163
96001,588,4021,504,0.509118,0.299361
96101,583,4064,519,0.495096,0.288641
96201,616,3991,513,0.492307,0.303261
96301,573,4070,518,0.493907,0.283009
96401,596,4058,511,0.490176,0.292145
96501,574,4061,501,0.493287,0.283147
96601,656,4064,512,0.507482,0.332908
96701,587,4096,516,0.505017,0.296445
96801,593,4087,513,0.495499,0.293831
96901,575,3990,515,0.509948,0.29322
97001,558,4029,504,0.550675,0.307276
97101,549,3937,499,0.550293,0.302111
97201,574,4071,501,0.508895,0.292106
97301,613,4042,514,0.507477,0.311084
97401,596,3999,508,0.513362,0.305964
97501,584,3967,513,0.495061,0.289115
97601,598,4093,509,0.554201,0.331412
97701,592,4049,508,0.493477,0.292138
97801,640,4087,503,0.513934,0.328918
97901,576,4035,506,0.520969,0.300078
98001,537,3986,512,0.499287,0.268117
98101,533,3993,511,0.516056,0.275058
98201,599,4059,523,0.496336,0.297305
98301,582,4088,505,0.507054,0.295105
98401,589,4063,507,0.51452,0.303052
98501,582,3995,515,0.540879,0.314791
98601,577,3963,520,0.536984,0.30984
98701,576,3929,508,0.50338,0.289947
98801,546,3884,505,0.520126,0.283989
98901,572,3953,505,0.529791,0.30304
99001,558,4054,507,0.495075,0.276252
99101,590,4011,522,0.51883,0.30611
99201,560,4081,517,0.491324,0.275141
99301,591,4043,515,0.520763,0.307771
99401,598,4095,518,0.54421,0.325437
99501,595,4151,512,0.50811,0.302325
99601,584,4097,512,0.509243,0.297398
99701,547,3947,516,0.521597,0.285313
99801,533,3970,522,0.502949,0.268072
99901,544,4003,521,0.543575,0.295705
100001,572,4014,525,0.522204,0.298701
100101,560,4062,515,0.500161,0.28009
100201,568,3992,521,0.524605,0.297976
100301,575,4053,516,0.527281,0.303187
100401,604,4064,521,0.537051,0.324379
100501,583,4104,513,0.496646,0.289545
100601,575,3986,511,0.489534,0.281482
100701,601,4023,506,0.513392,0.308549
100801,570,3980,519,0.52187,0.297466
100901,578,4012,513,0.536222,0.309936
101001,561,4026,515,0.514924,0.288872
101101,580,3996,512,0.511424,0.296626
101201,549,3935,515,0.5205,0.285754
101301,576,4038,522,0.521107,0.300158
101401,552,4055,527,0.494889,0.273179
101501,554,4041,514,0.504342,0.279405
101601,577,4083,509,0.531631,0.306751
101701,560,4029,513,0.531188,0.297465
101801,567,4151,516,0.503407,0.285432
101901,549,4064,524,0.485412,0.266491
102001,557,3944,518,0.508426,0.283193
102101,613,4113,517,0.509809,0.312513
102201,555,4089,523,0.497183,0.275937
102301,525,4037,517,0.467273,0.245319
102401,566,4026,519,0.518449,0.293442
102501,582,4095,523,0.505523,0.294214
102601,548,3958,507,0.490209,0.268635
102701,579,4009,524,0.514564,0.297933
102801,569,4000,524,0.537945,0.306091
102901,566,4051,525,0.49943,0.282677
103001,566,3976,526,0.49519,0.280278
103101,586,4013,522,0.516161,0.30247
103201,530,3985,528,0.502526,0.266339
103301,589,4083,530,0.528557,0.31132
103401,586,4005,537,0.515307,0.30197
103501,549,4065,536,0.530165,0.29106
103601,548,4060,540,0.521364,0.285707
103701,566,4076,536,0.49123,0.278036
103801,591,4125,546,0.497193,0.293841
103901,564,4035,531,0.507794,0.286396
104001,567,4044,531,0.51063,0.289527
104101,557,4069,534,0.524916,0.292378
104201,563,4157,539,0.499392,0.281158
104301,526,4083,544,0.518787,0.272882
104401,582,4036,538,0.536175,0.312054
104501,572,4039,536,0.522376,0.298799
104601,533,4078,532,0.494616,0.26363
104701,570,4085,537,0.522668,0.297921
104801,573,4059,537,0.487786,0.279501
104901,572,4084,534,0.488005,0.279139
105001,544,4029,525,0.540419,0.293988
105101,541,3944,534,0.500817,0.270942
105201,560,4044,541,0.526379,0.294772
105301,548,3994,539,0.542978,0.297552
105401,560,4167,553,0.510519,0.285891
105501,542,4014,546,0.513284,0.2782
105601,547,3988,540,0.507641,0.27768
105701,573,4070,538,0.531738,0.304686
105801,548,4115,546,0.522235,0.286185
105901,568,4018,545,0.527721,0.299746
106001,552,4088,542,0.514634,0.284078
106101,579,4112,540,0.527327,0.305322
106201,565,3992,545,0.529776,0.299323
106301,554,4096,534,0.507999,0.281431
106401,582,4026,550,0.514149,0.299235
106501,559,4090,537,0.508309,0.284144
106601,525,4029,550,0.499119,0.262037
106701,538,3990,552,0.517147,0.278225
106801,549,4062,544,0.49084,0.269471
106901,542,4096,548,0.491692,0.266497
107001,553,4047,542,0.485152,0.268289
107101,590,4130,546,0.486716,0.287163
107201,550,4187,541,0.488474,0.268661
107301,572,4070,534,0.547975,0.313442
107401,566,4154,537,0.511804,0.289681
107501,539,4119,536,0.50757,0.27358
107601,530,3963,537,0.532613,0.282285
107701,543,4116,543,0.511378,0.277678
107801,562,4104,540,0.490915,0.275894
107901,550,3979,537,0.514412,0.282926
108001,551,4020,549,0.519621,0.286311
108101,550,4020,542,0.523973,0.288185
108201,518,4010,539,0.52565,0.272287
108301,562,4110,545,0.502722,0.28253
108401,563,4098,548,0.504199,0.283864
108501,547,4134,546,0.498389,0.272619
108601,543,4092,552,0.531062,0.288367
108701,574,4190,546,0.497123,0.285349
108801,561,4093,548,0.500556,0.280812
108901,529,4184,550,0.49571,0.262231
109001,543,4147,554,0.516778,0.280611
109101,576,4226,547,0.502128,0.289226
109201,539,4080,549,0.503918,0.271612
109301,535,4050,542,0.518004,0.277132
109401,545,4092,543,0.510871,0.278425
109501,549,4025,549,0.495835,0.272214
109601,553,4096,549,0.53,0.29309
109701,540,4028,542,0.512919,0.276976
109801,522,4074,543,0.497094,0.259483
109901,574,4237,546,0.480361,0.275727
110001,557,4083,537,0.51147,0.284889
110101,564,4152,548,0.515659,0.290832
110201,539,4122,554,0.50783,0.273721
110301,549,4162,544,0.516695,0.283665
110401,567,4131,550,0.538371,0.305256
110501,531,4098,543,0.50238,0.266764
110601,561,4213,543,0.518294,0.290763
110701,594,4234,547,0.522781,0.310532
110801,552,4106,543,0.501551,0.276856
110901,580,4186,554,0.536837,0.311365
111001,568,4137,553,0.524982,0.29819
111101,532,4158,553,0.48346,0.257201
111201,562,4122,561,0.513091,0.288357
111301,548,4194,568,0.50552,0.277025
111401,511,4088,556,0.498955,0.254966
111501,552,4153,549,0.506711,0.279705
111601,566,4108,566,0.509077,0.288138
111701,548,4147,556,0.520416,0.285188
111801,548,4170,556,0.489539,0.268267
111901,528,4116,556,0.51094,0.269776
112001,561,4196,561,0.540143,0.30302
112101,557,4164,555,0.484501,0.269867
112201,542,4083,550,0.515164,0.279219
112301,526,4086,559,0.526197,0.27678
112401,545,4157,554,0.526797,0.287104
112501,592,4134,552,0.501513,0.296896
112601,545,4103,558,0.506882,0.276251
112701,569,4127,564,0.507773,0.288923
112801,552,4066,563,0.510334,0.281704
112901,522,4109,555,0.53265,0.278043
113001,585,4194,559,0.544993,0.318821
113101,541,4085,558,0.512779,0.277413
113201,570,4103,561,0.491921,0.280395
113301,527,4112,547,0.504969,0.266119
113401,530,4122,574,0.494374,0.262018
113501,510,4165,560,0.503938,0.257008
113601,557,4157,558,0.519506,0.289365
113701,545,4178,574,0.53983,0.294207
113801,566,4165,563,0.491948,0.278443
113901,541,4124,557,0.505944,0.273716
114001,585,4147,562,0.508068,0.29722
114101,541,4215,560,0.488741,0.264409
114201,564,4172,552,0.474077,0.267379
114301,523,4140,564,0.509868,0.266661
114401,567,4172,562,0.50533,0.286522
114501,530,4123,561,0.522728,0.277046
114601,555,4133,562,0.521955,0.289685
114701,561,4144,566,0.512983,0.287784
114801,545,4162,579,0.516736,0.281621
114901,531,4129,569,0.509265,0.27042
115001,516,4165,567,0.483311,0.249389
115101,495,4124,574,0.50412,0.249539
115201,550,4185,568,0.504743,0.277608
115301,559,4106,566,0.514392,0.287545
115401,555,4131,569,0.515329,0.286008
115501,549,4142,562,0.523372,0.287331
115601,530,4172,579,0.502769,0.266468
115701,539,4195,565,0.527636,0.284396
115801,544,4285,580,0.485913,0.264336
115901,552,4277,582,0.491411,0.271259
116001,558,4131,568,0.521833,0.291183
116101,546,4228,569,0.489738,0.267397
116201,547,4169,573,0.537361,0.293936
116301,532,4178,579,0.494295,0.262965
116401,531,4158,570,0.50973,0.270667
116501,535,4193,571,0.510181,0.272947
116601,520,4137,569,0.532007,0.276644
116701,538,4203,583,0.523935,0.281877
116801,569,4254,571,0.518648,0.295111
116901,559,4227,575,0.506106,0.282913
117001,542,4170,571,0.493152,0.267289
117101,522,4224,569,0.515475,0.269078
117201,535,4125,567,0.519704,0.278042
117301,538,4206,572,0.482472,0.25957
117401,577,4200,570,0.554424,0.319902
117501,538,4163,572,0.520039,0.279781
117601,556,4167,566,0.531398,0.295457
117701,517,4127,580,0.530591,0.274315
117801,502,4128,575,0.508586,0.25531
117901,503,4148,584,0.506078,0.254557
118001,542,4180,580,0.524401,0.284226
118101,502,4134,577,0.499862,0.250931
118201,519,4182,577,0.536561,0.278475
118301,556,4179,578,0.484312,0.269277
118401,546,4280,589,0.529928,0.289341
118501,536,4170,589,0.514236,0.27563
118601,541,4252,591,0.510274,0.276058
118701,515,4262,582,0.528255,0.272051
118801,545,4213,588,0.51344,0.279825
118901,530,4193,584,0.502665,0.266412
119001,526,4156,581,0.505848,0.266076
119101,543,4171,584,0.499651,0.271311
119201,524,4199,578,0.534245,0.279945
119301,552,4226,583,0.527823,0.291358
119401,495,4272,587,0.495504,0.245275
119501,496,4279,584,0.498735,0.247373
119601,513,4154,581,0.510037,0.261649
119701,560,4193,574,0.500586,0.280328
119801,486,4175,581,0.501353,0.243657
119901,533,4138,586,0.538167,0.286843
120001,534,4268,581,0.516229,0.275666
120101,551,4201,579,0.512295,0.282275
120201,510,4180,582,0.513128,0.261695
120301,528,4250,593,0.477779,0.252267
120401,523,4147,592,0.522533,0.273285
120501,519,4293,595,0.497991,0.258457
120601,523,4167,580,0.536965,0.280832
120701,537,4083,584,0.508246,0.272928
120801,525,4125,593,0.529069,0.277761
120901,551,4234,592,0.521831,0.287529
121001,562,4227,589,0.500826,0.281464
121101,557,4169,595,0.501644,0.279416
121201,552,4232,586,0.491087,0.27108
121301,555,4178,592,0.504942,0.280243
121401,531,4244,591,0.52613,0.279375
121501,554,4282,600,0.497289,0.275498
121601,521,4239,606,0.511983,0.266743
121701,515,4199,593,0.503079,0.259086
121801,543,4261,596,0.500276,0.27165
121901,553,4349,592,0.522547,0.288969
122001,499,4171,591,0.502995,0.250995
122101,510,4176,597,0.516351,0.263339
122201,504,4197,595,0.529174,0.266704
122301,545,4176,611,0.539514,0.294035
122401,562,4298,610,0.519411,0.291909
122501,521,4218,617,0.517224,0.269474
122601,512,4274,606,0.492252,0.252033
122701,523,4256,624,0.496015,0.259416
122801,523,4283,615,0.501935,0.262512
122901,521,4218,615,0.501139,0.261093
123001,535,4292,618,0.529712,0.283396
123101,542,4259,615,0.512995,0.278043
123201,495,4149,608,0.505465,0.250205
123301,511,4234,610,0.530329,0.270998
123401,548,4294,621,0.525036,0.28772
123501,551,4355,614,0.497282,0.274002
123601,514,4327,604,0.540645,0.277892
123701,505,4320,609,0.490396,0.24765
123801,531,4286,618,0.510547,0.271101
123901,535,4210,613,0.523228,0.279927
124001,537,4318,615,0.496595,0.266671
124101,528,4310,628,0.520585,0.274869
124201,562,4338,625,0.548779,0.308414
124301,554,4357,630,0.491087,0.272062
124401,548,4361,618,0.5072,0.277946
124501,540,4307,620,0.500861,0.270465
124601,523,4321,626,0.514196,0.268925
124701,548,4334,618,0.504731,0.276593
124801,540,4338,628,0.515898,0.278585
124901,515,4263,618,0.500174,0.25759
125001,540,4364,628,0.4876,0.263304
125101,550,4252,625,0.519758,0.285867
125201,527,4345,622,0.504949,0.266108
125301,489,4338,627,0.518808,0.253697
125401,556,4367,625,0.501187,0.27866
125501,559,4332,629,0.503571,0.281496
125601,530,4340,624,0.483986,0.256513
125701,543,4397,624,0.515622,0.279983
125801,517,4344,621,0.510287,0.263818
125901,517,4403,625,0.520201,0.268944
126001,500,4248,618,0.493948,0.246974
126101,558,4355,616,0.504907,0.281738
126201,533,4327,620,0.525061,0.279858
126301,541,4367,627,0.522501,0.282673
126401,532,4425,625,0.509883,0.271258
126501,523,4347,614,0.513696,0.268663
126601,519,4316,618,0.481468,0.249882
126701,516,4242,620,0.508474,0.262372
126801,512,4267,629,0.558354,0.285877
126901,516,4330,638,0.53267,0.274858
127001,525,4286,627,0.511269,0.268416
127101,544,4205,639,0.488446,0.265715
127201,533,4346,632,0.544825,0.290392
127301,534,4272,643,0.534808,0.285588
127401,515,4316,629,0.535695,0.275883
127501,514,4366,633,0.523959,0.269315
127601,549,4332,635,0.52981,0.290866
127701,524,4288,636,0.557379,0.292066
127801,528,4350,634,0.494841,0.261276
127901,524,4321,629,0.549422,0.287897
128001,512,4309,631,0.512224,0.262259
128101,508,4300,645,0.51324,0.260726
128201,546,4370,646,0.515284,0.281345
128301,547,4420,647,0.5245,0.286901
128401,543,4329,643,0.491508,0.266889
128501,515,4363,647,0.526517,0.271156
128601,546,4475,644,0.521145,0.284545
128701,510,4285,647,0.512166,0.261204
128801,544,4429,640,0.520645,0.283231
128901,556,4435,645,0.511622,0.284462
129001,514,4291,643,0.52923,0.272024
129101,536,4354,650,0.512465,0.274681
129201,522,4339,641,0.475078,0.247991
129301,503,4374,641,0.506543,0.254791
129401,541,4434,639,0.524949,0.283998
129501,517,4370,631,0.502563,0.259825
129601,520,4369,643,0.509571,0.264977
129701,495,4405,640,0.495606,0.245325
129801,509,4426,644,0.529458,0.269494
129901,530,4347,637,0.514248,0.272552
130001,522,4363,638,0.486462,0.253933
130101,532,4473,638,0.52218,0.2778
130201,542,4398,639,0.502303,0.272248
130301,530,4427,655,0.520406,0.275815
130401,520,4352,636,0.477014,0.248047
130501,512,4416,647,0.512128,0.262209
130601,505,4306,642,0.507357,0.256215
130701,492,4322,635,0.50626,0.24908
130801,545,4473,645,0.523788,0.285465
130901,551,4371,639,0.520396,0.286738
131001,466,4322,644,0.519165,0.241931
131101,515,4414,645,0.513797,0.264606
131201,522,4429,634,0.527507,0.275359
131301,499,4366,644,0.534939,0.266934
131401,539,4417,646,0.527697,0.284428
131501,538,4363,650,0.511521,0.275198
131601,494,4390,653,0.533169,0.263385
131701,533,4330,638,0.529285,0.282109
131801,534,4396,646,0.510782,0.272757
131901,509,4339,654,0.493962,0.251427
132001,525,4458,651,0.511833,0.268712
132101,544,4413,647,0.51462,0.279953
132201,539,4478,642,0.548534,0.29566
132301,540,4321,647,0.519391,0.280471
132401,566,4524,653,0.493402,0.279266
132501,539,4442,649,0.507102,0.273328
132601,543,4439,647,0.511408,0.277695
132701,523,4448,654,0.513422,0.26852
132801,541,4464,642,0.521625,0.282199
132901,510,4475,648,0.527439,0.268994
133001,512,4441,654,0.491129,0.251458
133101,515,4452,653,0.508629,0.261944
133201,523,4494,644,0.50911,0.266264
133301,539,4520,649,0.541984,0.292129
133401,478,4434,657,0.540525,0.258371
133501,482,4453,650,0.531101,0.255991
133601,493,4441,640,0.491381,0.242251
133701,521,4429,651,0.506953,0.264123
133801,521,4462,655,0.566095,0.294935
133901,500,4371,648,0.504906,0.252453
134001,500,4426,649,0.530388,0.265194
134101,480,4344,656,0.551442,0.264692
134201,513,4478,653,0.501593,0.257317
134301,511,4494,645,0.527383,0.269493
134401,524,4415,657,0.545379,0.285779
134501,505,4378,650,0.535013,0.270181
134601,524,4462,656,0.526928,0.27611
134701,522,4369,659,0.506175,0.264223
134801,520,4435,658,0.517824,0.269268
134901,493,4375,655,0.524236,0.258448
135001,494,4474,657,0.507591,0.25075
135101,525,4428,659,0.525747,0.276017
135201,502,4378,661,0.513398,0.257726
135301,500,4473,662,0.543685,0.271842
135401,512,4472,658,0.520318,0.266403
135501,525,4426,662,0.505853,0.265573
135601,494,4449,658,0.481811,0.238015
135701,527,4425,653,0.495818,0.261296
135801,489,4322,665,0.527221,0.257811
135901,512,4416,663,0.516582,0.26449
136001,492,4444,664,0.493086,0.242598
136101,523,4477,663,0.567389,0.296744
136201,495,4427,665,0.499941,0.247471
136301,520,4316,666,0.559201,0.290785
136401,491,4403,670,0.519618,0.255133
136501,547,4481,658,0.528619,0.289154
136601,447,4428,657,0.518015,0.231553
136701,501,4384,668,0.509465,0.255242
136801,484,4375,672,0.496484,0.240298
136901,528,4439,672,0.513252,0.270997
137001,492,4386,666,0.515692,0.25372
137101,491,4290,676,0.526058,0.258295
137201,519,4435,671,0.497267,0.258081
137301,494,4371,679,0.491513,0.242808
137401,539,4439,670,0.538166,0.290072
137501,494,4459,665,0.51382,0.253827
137601,512,4438,669,0.521393,0.266953
137701,492,4429,682,0.513457,0.252621
137801,503,4353,673,0.509937,0.256498
137901,500,4408,671,0.53964,0.26982
138001,500,4489,684,0.493119,0.246559
138101,465,4361,669,0.510232,0.237258
138201,500,4490,676,0.544892,0.272446
138301,477,4508,673,0.533859,0.254651
138401,489,4447,673,0.53347,0.260867
138501,468,4420,678,0.50455,0.236129
138601,514,4534,671,0.493487,0.253653
138701,515,4607,676,0.530246,0.273077
138801,520,4497,676,0.525431,0.273224
138901,502,4420,674,0.525706,0.263904
139001,477,4437,678,0.518491,0.24732
139101,514,4399,679,0.479925,0.246682
139201,497,4502,689,0.514463,0.255688
139301,513,4378,688,0.521142,0.267346
139401,543,4532,675,0.501296,0.272204
139501,517,4469,682,0.509184,0.263248
139601,534,4512,677,0.540319,0.28853
139701,456,4354,683,0.516658,0.235596
139801,494,4450,679,0.533425,0.263512
139901,475,4429,664,0.47932,0.227677
140001,487,4431,671,0.507636,0.247219
140101,488,4440,661,0.529504,0.258398
140201,514,4516,666,0.516104,0.265278
140301,499,4462,671,0.506334,0.25266
140401,515,4511,674,0.49684,0.255872
140501,520,4459,683,0.516775,0.268723
140601,499,4479,669,0.488454,0.243739
140701,491,4464,680,0.520846,0.255736
140801,474,4412,670,0.533368,0.252816
140901,487,4448,676,0.532342,0.259251
141001,503,4486,682,0.510777,0.256921
141101,478,4449,681,0.542201,0.259172
141201,498,4419,684,0.49445,0.246236
141301,503,4483,690,0.511071,0.257069
141401,476,4469,681,0.492513,0.234436
141501,509,4397,681,0.499866,0.254432
141601,493,4551,684,0.51419,0.253496
141701,476,4425,686,0.561519,0.267283
141801,491,4524,685,0.496983,0.244019
141901,494,4497,683,0.532249,0.262931
142001,449,4457,691,0.507251,0.227756
142101,514,4515,697,0.489631,0.25167
142201,478,4524,693,0.525063,0.25098
142301,479,4520,684,0.514229,0.246315
142401,509,4560,684,0.512553,0.260889
142501,493,4465,686,0.5279,0.260254
142601,496,4554,691,0.523123,0.259469
142701,487,4576,685,0.523505,0.254947
142801,518,4474,689,0.49223,0.254975
142901,528,4647,691,0.497368,0.26261
143001,537,4497,699,0.493679,0.265105
143101,506,4519,688,0.49331,0.249615
143201,476,4532,691,0.499389,0.237709
143301,485,4546,692,0.510086,0.247392
143401,499,4490,692,0.519491,0.259226
143501,458,4477,703,0.521196,0.238708
143601,460,4423,694,0.525995,0.241958
143701,464,4417,691,0.541718,0.251357
143801,509,4475,701,0.50461,0.256847
143901,499,4508,703,0.518905,0.258934
144001,478,4443,699,0.517388,0.247311
144101,483,4489,702,0.515903,0.249181
144201,488,4481,693,0.507542,0.247681
144301,497,4537,696,0.529476,0.26315
144401,437,4423,702,0.533147,0.232985
144501,450,4495,700,0.52345,0.235552
144601,472,4487,703,0.51229,0.241801
144701,480,4467,708,0.502078,0.240997
144801,466,4464,698,0.523292,0.243854
144901,493,4503,702,0.513111,0.252964
145001,460,4501,702,0.500803,0.230369
145101,442,4492,711,0.529858,0.234197
145201,475,4542,709,0.486012,0.230856
145301,528,4481,712,0.510113,0.26934
145401,472,4535,706,0.499744,0.235879
145501,498,4564,708,0.503214,0.250601
145601,521,4632,720,0.512039,0.266772
145701,467,4476,717,0.515646,0.240806
145801,514,4550,709,0.52142,0.26801
145901,493,4524,719,0.515431,0.254108
146001,469,4534,711,0.516719,0.242341
146101,447,4544,715,0.522554,0.233582
146201,470,4566,719,0.504226,0.236986
146301,491,4581,719,0.538201,0.264257
146401,505,4545,722,0.50784,0.256459
146501,457,4538,713,0.48543,0.221842
146601,449,4511,718,0.49097,0.220445
146701,458,4471,733,0.502276,0.230043
146801,465,4440,726,0.529099,0.246031
146901,469,4461,723,0.516802,0.24238
147001,492,4550,721,0.525161,0.258379
147101,491,4611,730,0.505202,0.248054
147201,495,4499,728,0.532842,0.263757
147301,516,4603,723,0.51376,0.2651
147401,512,4510,723,0.516337,0.264364
147501,494,4565,717,0.521791,0.257765
147601,466,4501,717,0.499727,0.232873
147701,521,4520,724,0.522069,0.271998
147801,500,4597,730,0.499094,0.249547
147901,504,4560,726,0.541021,0.272675
148001,493,4549,724,0.497985,0.245506
148101,513,4523,716,0.514458,0.263917
148201,487,4608,727,0.507021,0.246919
148301,476,4530,720,0.52032,0.247672
148401,505,4523,727,0.5142,0.259671
148501,501,4537,732,0.513327,0.257177
148601,505,4580,732,0.487179,0.246026
148701,486,4512,728,0.506045,0.245938
148801,471,4555,723,0.529605,0.249444
148901,457,4519,713,0.514735,0.235234
149001,488,4662,720,0.473926,0.231276
149101,485,4563,724,0.5148,0.249678
149201,460,4572,731,0.498873,0.229482
149301,434,4482,731,0.495468,0.215033
149401,506,4486,726,0.549389,0.277991
149501,480,4527,727,0.528177,0.253525
149601,456,4563,720,0.510136,0.232622
149701,464,4532,729,0.499072,0.23157
149801,473,4538,738,0.520848,0.246361
149901,477,4618,730,0.465054,0.221831
150001,466,4514,732,0.514924,0.239955
150101,471,4509,733,0.543527,0.256001
150201,459,4512,736,0.523383,0.240233
150301,491,4580,732,0.503392,0.247165
150401,491,4583,728,0.511849,0.251318
150501,479,4647,728,0.490893,0.235138
150601,446,4540,721,0.529221,0.236033
150701,496,4554,721,0.533548,0.26464
150801,467,4523,721,0.498606,0.232849
150901,482,4538,725,0.495951,0.239048
151001,478,4574,718,0.523843,0.250397
151101,481,4474,718,0.514049,0.247258
151201,470,4525,718,0.520868,0.244808
151301,491,4562,725,0.515638,0.253178
151401,502,4608,722,0.495283,0.248632
151501,493,4625,724,0.489694,0.241419
151601,452,4538,721,0.541719,0.244857
151701,500,4624,723,0.499322,0.249661
151801,465,4575,729,0.520412,0.241991
151901,451,4640,740,0.519304,0.234206
152001,483,4614,737,0.474619,0.229241
152101,486,4591,736,0.523486,0.254414
152201,475,4596,737,0.5031,0.238973
152301,438,4589,739,0.53173,0.232898
152401,428,4535,731,0.513267,0.219678
152501,500,4626,736,0.51096,0.25548
152601,461,4608,734,0.515605,0.237694
152701,466,4509,742,0.469108,0.218604
152801,477,4584,744,0.517323,0.246763
152901,474,4577,729,0.523951,0.248353
153001,470,4598,732,0.490885,0.230716
153101,458,4528,736,0.493545,0.226043
153201,472,4573,736,0.50991,0.240678
153301,460,4569,730,0.533353,0.245342
153401,460,4592,737,0.525297,0.241637
153501,465,4610,737,0.519064,0.241365
153601,465,4607,728,0.507462,0.23597
153701,482,4534,730,0.515781,0.248606
153801,462,4500,736,0.509749,0.235504
153901,482,4577,736,0.522997,0.252085
154001,452,4482,734,0.538235,0.243282
154101,475,4556,728,0.496548,0.23586
154201,492,4527,742,0.542866,0.26709
154301,452,4560,735,0.507854,0.22955
154401,439,4520,748,0.520956,0.2287
154501,487,4599,746,0.503266,0.245091
154601,494,4592,742,0.531271,0.262448
154701,461,4613,744,0.509342,0.234807
154801,479,4554,736,0.523677,0.250841
154901,481,4614,733,0.510748,0.24567
155001,475,4547,740,0.529268,0.251402
155101,485,4611,738,0.512248,0.24844
155201,450,4592,742,0.510461,0.229708
155301,451,4515,743,0.537485,0.242406
155401,478,4626,740,0.510062,0.24381
155501,458,4567,744,0.538384,0.24658
155601,434,4556,740,0.500099,0.217043
155701,476,4540,738,0.510044,0.242781
155801,430,4537,737,0.516588,0.222133
155901,449,4657,737,0.500011,0.224505
156001,443,4537,748,0.544442,0.241188
156101,439,4501,740,0.513142,0.22527
156201,434,4576,743,0.511402,0.221949
156301,451,4692,742,0.494211,0.222889
156401,437,4623,762,0.526645,0.230144
156501,434,4574,753,0.509004,0.220908
156601,476,4621,751,0.492211,0.234292
156701,438,4574,744,0.501523,0.219667
156801,411,4529,750,0.487141,0.200215
156901,433,4593,759,0.522161,0.226096
157001,468,4613,752,0.500115,0.234054
157101,469,4575,754,0.511031,0.239673
157201,459,4586,761,0.507456,0.232922
157301,462,4503,759,0.517088,0.238895
157401,466,4602,763,0.514732,0.239865
157501,458,4591,768,0.484537,0.221918
157601,453,4522,760,0.509443,0.230778
157701,433,4477,769,0.534888,0.231606
157801,432,4606,762,0.486792,0.210294
157901,445,4544,751,0.493762,0.219724
158001,471,4590,757,0.530336,0.249788
158101,478,4650,755,0.484509,0.231595
158201,446,4747,750,0.492638,0.219716
158301,452,4690,753,0.496004,0.224194
158401,480,4565,756,0.508947,0.244295
158501,471,4556,760,0.504122,0.237442
158601,437,4576,770,0.539458,0.235743
158701,422,4552,765,0.526548,0.222203
158801,468,4571,762,0.531984,0.248968
158901,457,4623,763,0.520802,0.238007
159001,459,4611,765,0.502063,0.230447
159101,467,4646,776,0.515059,0.240532
159201,439,4576,766,0.498065,0.21865
159301,399,4532,769,0.51893,0.207053
159401,419,4637,762,0.518568,0.21728
159501,421,4538,771,0.467426,0.196786
159601,491,4665,771,0.500906,0.245945
159701,473,4592,765,0.514356,0.24329
159801,474,4539,773,0.54277,0.257273
159901,440,4642,759,0.517912,0.227881
160001,456,4658,766,0.534439,0.243704
160101,423,4543,762,0.497689,0.210523
160201,455,4607,768,0.519863,0.236538
160301,424,4666,767,0.504567,0.213936
160401,452,4602,767,0.507498,0.229389
160501,455,4695,764,0.483361,0.219929
160601,433,4629,760,0.527604,0.228452
160701,416,4632,772,0.488544,0.203234
160801,449,4607,769,0.512752,0.230225
160901,425,4555,771,0.529805,0.225167
161001,437,4562,772,0.516023,0.225502
161101,442,4622,783,0.504404,0.222947
161201,420,4598,780,0.449099,0.188622
161301,435,4551,770,0.537076,0.233628
161401,443,4657,772,0.519735,0.230243
161501,412,4599,774,0.529875,0.218308
161601,435,4684,783,0.507579,0.220797
161701,422,4568,789,0.50884,0.214731
161801,430,4569,786,0.510705,0.219603
161901,442,4626,784,0.520547,0.230082
162001,502,4604,783,0.494498,0.248238
162101,440,4617,786,0.516023,0.22705
162201,460,4712,775,0.516831,0.237742
162301,435,4642,782,0.512579,0.222972
162401,455,4663,789,0.497193,0.226223
162501,459,4684,777,0.508274,0.233298
162601,412,4583,776,0.53617,0.220902
162701,404,4590,785,0.522102,0.210929
162801,468,4699,786,0.505751,0.236691
162901,465,4655,785,0.530527,0.246695
163001,443,4617,786,0.513313,0.227398
163101,476,4690,784,0.491876,0.234133
163201,430,4663,792,0.507383,0.218175
163301,439,4613,794,0.523098,0.22964
163401,459,4714,782,0.497205,0.228217
163501,454,4687,779,0.524366,0.238062
163601,439,4607,790,0.505774,0.222035
163701,439,4623,782,0.537037,0.235759
163801,424,4693,781,0.495824,0.210229
163901,441,4634,788,0.509177,0.224547
164001,418,4570,781,0.547882,0.229015
164101,439,4696,781,0.480306,0.210854
164201,458,4658,780,0.494089,0.226293
164301,434,4706,784,0.529147,0.22965
164401,408,4630,780,0.514755,0.21002
164501,457,4644,799,0.517944,0.236701
164601,471,4742,792,0.558951,0.263266
164701,431,4740,786,0.500325,0.21564
164801,465,4720,799,0.515436,0.239678
164901,451,4713,788,0.522206,0.235515
165001,447,4658,802,0.519198,0.232082
165101,445,4660,791,0.517497,0.230286
165201,433,4683,792,0.522902,0.226417
165301,488,4717,800,0.50162,0.244791
165401,423,4620,808,0.514673,0.217707
165501,470,4669,796,0.54003,0.253814
165601,429,4641,797,0.503176,0.215863
165701,460,4693,798,0.528656,0.243182
165801,461,4673,796,0.54501,0.25125
165901,447,4659,795,0.516376,0.23082
166001,437,4629,792,0.51455,0.224858
166101,428,4680,802,0.521535,0.223217
166201,431,4635,805,0.509495,0.219592
166301,435,4602,806,0.499447,0.21726
166401,443,4647,816,0.528754,0.234238
166501,418,4639,803,0.517791,0.216436
166601,446,4738,802,0.491802,0.219344
166701,442,4712,802,0.513053,0.226769
166801,430,4679,806,0.558241,0.240044
166901,434,4740,801,0.5149,0.223467
167001,449,4628,801,0.506184,0.227277
167101,435,4681,801,0.517913,0.225292
167201,456,4705,802,0.493288,0.224939
167301,439,4720,809,0.502312,0.220515
167401,444,4744,810,0.500525,0.222233
167501,413,4704,801,0.498517,0.205887
167601,456,4711,809,0.513797,0.234292
167701,449,4725,804,0.534132,0.239825
167801,423,4623,812,0.517646,0.218964
167901,460,4721,817,0.526439,0.242162
168001,420,4677,811,0.516112,0.216767
168101,435,4626,809,0.504247,0.219347
168201,423,4674,816,0.506354,0.214188
168301,409,4673,804,0.488971,0.199989
168401,451,4747,814,0.494982,0.223237
168501,437,4749,809,0.513163,0.224252
168601,420,4678,809,0.480354,0.201749
168701,401,4675,817,0.51252,0.205521
168801,455,4677,817,0.51552,0.234562
168901,437,4738,819,0.483701,0.211377
169001,418,4633,813,0.546751,0.228542
169101,404,4707,808,0.563077,0.227483
169201,431,4673,820,0.525787,0.226614
169301,415,4571,810,0.531048,0.220385
169401,454,4674,826,0.487213,0.221195
169501,447,4800,823,0.489784,0.218933
169601,432,4697,815,0.50808,0.219491
169701,411,4708,820,0.530764,0.218144
169801,422,4678,829,0.4912,0.207286
169901,449,4716,814,0.51713,0.232191
170001,407,4723,818,0.490112,0.199476
170101,411,4618,822,0.524201,0.215447
170201,443,4635,811,0.54887,0.243149
170301,405,4769,816,0.494622,0.200322
170401,438,4816,821,0.502937,0.220286
170501,419,4680,819,0.507873,0.212799
170601,435,4647,822,0.519964,0.226184
170701,404,4702,813,0.501079,0.202436
170801,401,4622,819,0.541114,0.216987
170901,446,4750,820,0.50087,0.223388
171001,431,4777,817,0.51636,0.222551
171101,423,4754,823,0.508591,0.215134
171201,421,4694,826,0.507221,0.21354
171301,402,4660,819,0.497606,0.200038
171401,442,4661,818,0.535314,0.236609
171501,439,4752,818,0.505409,0.221875
171601,385,4714,821,0.50988,0.196304
171701,429,4723,836,0.521895,0.223893
171801,387,4648,828,0.506591,0.196051
171901,428,4767,822,0.499836,0.21393
172001,422,4697,826,0.521297,0.219987
172101,443,4717,831,0.507542,0.224841
172201,388,4630,836,0.50575,0.196231
172301,396,4693,841,0.482306,0.190993
172401,399,4600,845,0.519726,0.207371
172501,408,4628,831,0.535767,0.218593
172601,399,4647,844,0.518544,0.206899
172701,405,4662,849,0.51488,0.208526
172801,405,4688,847,0.509034,0.206159
172901,388,4708,846,0.503,0.195164
173001,419,4785,845,0.507148,0.212495
173101,404,4681,843,0.505577,0.204253
173201,395,4782,847,0.501623,0.198141
173301,393,4707,844,0.530256,0.208391
173401,379,4668,833,0.512262,0.194147
173501,403,4798,837,0.499036,0.201112
173601,419,4677,831,0.498284,0.208781
173701,422,4744,833,0.525034,0.221564
173801,385,4631,834,0.540763,0.208194
173901,392,4646,840,0.509561,0.199748
174001,409,4746,837,0.486574,0.199009
174101,350,4664,834,0.509301,0.178255
174201,406,4677,834,0.51413,0.208737
174301,416,4730,843,0.502771,0.209153
174401,367,4681,837,0.507345,0.186196
174501,402,4651,838,0.49214,0.19784
174601,379,4680,834,0.51408,0.194836
174701,393,4644,834,0.501962,0.197271
174801,370,4700,845,0.519639,0.192266
174901,393,4727,836,0.504941,0.198442
175001,383,4736,836,0.515273,0.19735
175101,374,4720,842,0.509115,0.190409
175201,390,4726,840,0.520257,0.2029
175301,413,4639,842,0.519561,0.214579
175401,391,4664,835,0.505614,0.197695
175501,381,4697,835,0.52159,0.198726
175601,382,4694,836,0.469689,0.179421
175701,384,4655,834,0.490981,0.188537
175801,373,4698,840,0.527867,0.196894
175901,391,4765,848,0.520996,0.203709
176001,380,4601,851,0.510529,0.194001
176101,375,4687,840,0.486669,0.182501
176201,391,4719,844,0.49304,0.192779
176301,369,4635,841,0.499204,0.184206
176401,400,4760,843,0.500747,0.200299
176501,358,4650,843,0.552175,0.197679
176601,381,4746,851,0.481509,0.183455
176701,392,4729,846,0.524868,0.205748
176801,372,4691,852,0.518879,0.193023
176901,373,4749,847,0.524704,0.195715
177001,363,4719,852,0.502077,0.182254
177101,398,4806,857,0.509283,0.202695
177201,402,4751,849,0.510437,0.205196
177301,390,4693,835,0.531288,0.207202
177401,392,4661,849,0.483682,0.189603
177501,400,4710,852,0.514417,0.205767
177601,405,4723,843,0.512401,0.207523
177701,381,4679,844,0.530889,0.202269
177801,367,4707,846,0.471859,0.173172
177901,375,4712,856,0.509828,0.191186
178001,371,4726,841,0.558246,0.207109
178101,368,4749,847,0.542797,0.199749
178201,391,4727,856,0.503654,0.196929
178301,380,4714,861,0.484038,0.183934
178401,362,4725,855,0.479189,0.173466
178501,366,4739,850,0.494578,0.181015
178601,387,4759,850,0.506398,0.195976
178701,371,4698,854,0.545274,0.202297
178801,382,4738,850,0.501946,0.191743
178901,374,4778,845,0.52285,0.195546
179001,396,4736,855,0.491951,0.194813
179101,387,4742,852,0.533719,0.206549
179201,368,4751,844,0.517263,0.190353
179301,369,4748,852,0.526761,0.194375
179401,384,4733,855,0.475424,0.182563
179501,385,4787,849,0.489228,0.188353
179601,378,4666,855,0.522361,0.197453
179701,389,4791,852,0.538189,0.209356
179801,360,4724,843,0.506417,0.18231
179901,384,4690,844,0.499194,0.19169
180001,370,4676,852,0.5063,0.187331
180101,357,4679,857,0.517652,0.184802
180201,357,4737,850,0.517683,0.184813
180301,342,4704,858,0.49571,0.169533
180401,368,4713,841,0.530665,0.195285
180501,359,4774,841,0.507035,0.182026
180601,354,4657,851,0.522666,0.185024
180701,358,4696,852,0.530859,0.190047
180801,384,4803,859,0.486912,0.186974
180901,386,4712,859,0.510099,0.196898
181001,378,4762,852,0.483423,0.182734
181101,377,4651,861,0.498642,0.187988
181201,364,4722,856,0.563225,0.205014
181301,362,4660,848,0.538959,0.195103
181401,361,4685,848,0.5476,0.197684
181501,390,4747,859,0.519026,0.20242
181601,344,4691,853,0.550179,0.189261
181701,359,4705,861,0.5088,0.182659
181801,359,4691,860,0.523015,0.187762
181901,355,4584,864,0.540455,0.191861
182001,368,4677,866,0.540236,0.198807
182101,338,4654,853,0.482117,0.162956
182201,355,4624,862,0.525318,0.186488
182301,371,4728,859,0.503167,0.186675
182401,323,4662,853,0.502639,0.162352
182501,365,4724,849,0.503585,0.183809
182601,355,4716,858,0.512026,0.181769
182701,349,4663,855,0.545574,0.190405
182801,347,4729,855,0.47821,0.165939
182901,355,4704,862,0.558763,0.198361
183001,361,4719,855,0.507946,0.183368
183101,358,4730,862,0.52033,0.186278
183201,363,4750,864,0.499799,0.181427
183301,346,4633,861,0.517559,0.179075
183401,325,4691,863,0.513518,0.166893
183501,341,4731,855,0.514863,0.175568
183601,324,4630,856,0.500063,0.16202
183701,356,4748,860,0.504679,0.179666
183801,340,4695,861,0.533797,0.181491
183901,358,4793,868,0.492998,0.176493
184001,369,4725,869,0.539214,0.19897
184101,357,4806,861,0.49709,0.177461
184201,350,4683,861,0.53392,0.186872
184301,349,4660,863,0.546541,0.190743
184401,340,4711,871,0.528887,0.179822
184501,325,4711,865,0.501453,0.162972
184601,365,4658,862,0.532433,0.194338
184701,316,4609,866,0.538227,0.17008
184801,358,4714,866,0.532724,0.190715
184901,349,4676,874,0.497364,0.17358
185001,359,4660,864,0.543252,0.195028
185101,325,4788,869,0.512478,0.166555
185201,318,4687,870,0.516826,0.164351
185301,355,4776,871,0.4927,0.174909
185401,344,4669,866,0.534596,0.183901
185501,331,4680,870,0.514157,0.170186
185601,362,4706,871,0.489241,0.177105
185701,335,4687,873,0.51415,0.17224
185801,332,4690,878,0.516739,0.171557
185901,325,4699,873,0.512429,0.166539
186001,338,4717,879,0.529073,0.178827
186101,307,4661,877,0.50246,0.154255
186201,304,4607,878,0.504881,0.153484
186301,337,4738,884,0.538783,0.18157
186401,320,4687,881,0.520794,0.166654
186501,338,4681,879,0.526351,0.177907
186601,338,4674,883,0.496915,0.167957
186701,328,4630,881,0.499761,0.163922
186801,352,4661,877,0.52374,0.184357
186901,332,4719,879,0.480473,0.159517
187001,322,4731,878,0.51525,0.165911
187101,323,4651,884,0.503432,0.162609
187201,332,4691,884,0.476213,0.158103
187301,335,4731,883,0.518523,0.173705
187401,349,4728,880,0.517413,0.180577
187501,305,4684,888,0.501568,0.152978
187601,314,4689,889,0.519578,0.163147
187701,350,4696,887,0.523806,0.183332
187801,324,4729,885,0.507259,0.164352
187901,320,4704,878,0.521655,0.16693
188001,342,4680,879,0.540051,0.184697
188101,310,4657,881,0.493486,0.152981
188201,317,4637,884,0.528222,0.167446
188301,324,4678,878,0.51527,0.166948
188401,330,4736,874,0.505087,0.166679
188501,319,4751,887,0.495545,0.158079
188601,320,4737,882,0.505118,0.161638
188701,315,4735,877,0.519101,0.163517
188801,307,4742,881,0.490756,0.150662
188901,315,4698,882,0.514888,0.16219
189001,326,4740,877,0.521487,0.170005
189101,322,4629,875,0.545362,0.175606
189201,281,4609,877,0.496822,0.139607
189301,310,4751,886,0.510768,0.158338
189401,293,4660,887,0.510717,0.14964
189501,322,4718,876,0.517914,0.166768
189601,303,4700,884,0.517952,0.156939
189701,305,4650,887,0.517236,0.157757
189801,341,4731,890,0.529672,0.180618
189901,319,4651,886,0.535736,0.1709
190001,299,4647,890,0.57608,0.172248
190101,354,4670,889,0.525037,0.185863
190201,326,4733,886,0.546754,0.178242
190301,301,4703,888,0.52006,0.156538
190401,324,4730,885,0.544696,0.176481
190501,339,4751,890,0.556646,0.188703
190601,311,4761,893,0.504879,0.157017
190701,323,4692,895,0.504998,0.163114
190801,313,4684,888,0.478971,0.149918
190901,311,4714,886,0.517379,0.160905
191001,312,4731,898,0.525351,0.163909
191101,323,4729,894,0.555902,0.179556
191201,287,4709,897,0.56161,0.161182
191301,318,4705,899,0.528352,0.168016
191401,297,4771,899,0.492833,0.146371
191501,335,4733,902,0.525821,0.17615
191601,306,4737,897,0.517592,0.158383
191701,296,4728,896,0.526256,0.155772
191801,284,4727,885,0.539016,0.153081
191901,280,4662,893,0.52531,0.147087
192001,309,4750,898,0.520487,0.160831
192101,297,4764,900,0.511335,0.151866
192201,314,4695,904,0.527542,0.165648
192301,308,4713,900,0.527177,0.16237
192401,311,4761,894,0.525431,0.163409
192501,288,4730,900,0.523166,0.150672
192601,299,4688,900,0.492544,0.147271
192701,302,4716,892,0.498688,0.150604
192801,308,4741,887,0.51895,0.159837
192901,320,4768,894,0.528194,0.169022
193001,297,4673,896,0.507708,0.150789
193101,306,4709,894,0.52819,0.161626
193201,311,4710,888,0.511922,0.159208
193301,287,4700,886,0.493478,0.141628
193401,311,4651,885,0.510389,0.158731
193501,288,4737,897,0.524766,0.151132
193601,297,4684,898,0.51533,0.153053
193701,303,4752,905,0.468884,0.142072
193801,292,4718,896,0.523313,0.152807
193901,298,4664,892,0.499848,0.148955
194001,275,4615,893,0.509344,0.14007
194101,274,4651,898,0.507694,0.139108
194201,308,4672,897,0.50106,0.154326
194301,286,4713,898,0.555024,0.158737
194401,283,4737,897,0.510502,0.144472
194501,269,4656,899,0.489037,0.131551
194601,313,4759,896,0.478395,0.149738
194701,288,4692,906,0.548324,0.157917
194801,284,4685,905,0.537249,0.152579
194901,264,4658,900,0.533848,0.140936
195001,254,4703,900,0.540291,0.137234
195101,279,4642,903,0.52805,0.147326
195201,274,4692,905,0.519452,0.14233
195301,287,4708,905,0.519519,0.149102
195401,268,4760,902,0.504133,0.135108
195501,263,4669,899,0.522066,0.137303
195601,286,4735,903,0.521321,0.149098
195701,275,4706,898,0.518006,0.142452
195801,255,4638,899,0.490652,0.125116
195901,279,4653,898,0.531633,0.148325
196001,264,4768,907,0.502684,0.132709
196101,239,4645,897,0.531777,0.127095
196201,291,4656,897,0.505436,0.147082
196301,272,4738,898,0.48616,0.132235
196401,284,4706,898,0.533969,0.151647
196501,264,4708,904,0.492419,0.129999
196601,262,4688,907,0.513858,0.134631
196701,285,4700,898,0.521164,0.148532
196801,275,4686,902,0.583113,0.160356
196901,257,4683,905,0.499234,0.128303
197001,259,4636,905,0.525973,0.136227
197101,259,4685,907,0.53056,0.137415
197201,254,4664,908,0.476908,0.121135
197301,257,4623,902,0.552237,0.141925
197401,263,4671,909,0.464079,0.122053
197501,296,4664,912,0.532141,0.157514
197601,260,4679,912,0.539898,0.140374
197701,266,4677,913,0.535799,0.142522
197801,272,4756,909,0.478485,0.130148
197901,277,4703,915,0.527765,0.146191
198001,254,4622,909,0.538111,0.13668
198101,283,4710,911,0.53799,0.152251
198201,260,4709,912,0.540409,0.140506
198301,269,4735,915,0.532694,0.143295
198401,246,4706,910,0.521683,0.128334
198501,260,4732,909,0.546994,0.142218
198601,240,4675,918,0.497891,0.119494
198701,272,4723,919,0.507483,0.138035
198801,239,4567,923,0.533691,0.127552
198901,259,4675,916,0.532188,0.137837
199001,256,4686,921,0.515783,0.13204
199101,253,4656,915,0.513785,0.129988
199201,263,4743,919,0.534066,0.140459
199301,255,4664,914,0.572222,0.145917
199401,248,4670,925,0.497773,0.123448
199501,246,4660,918,0.527057,0.129656
199601,260,4667,913,0.523043,0.135991
199701,267,4654,922,0.51024,0.136234
199801,256,4679,916,0.490011,0.125443
199901,244,4643,923,0.486399,0.118681
200001,257,4703,917,0.528754,0.13589
200101,248,4613,915,0.510743,0.126664
200201,239,4713,913,0.533454,0.127495
200301,253,4675,912,0.529629,0.133996
200401,254,4715,918,0.539375,0.137001
200501,231,4674,915,0.482375,0.111429
200601,256,4651,923,0.519661,0.133033
200701,233,4677,915,0.566238,0.131934
200801,236,4642,919,0.544372,0.128472
200901,265,4627,925,0.520681,0.137981
201001,267,4712,929,0.494293,0.131976
201101,245,4686,920,0.547793,0.134209
201201,241,4699,915,0.468911,0.113008
201301,253,4684,917,0.56142,0.142039
201401,241,4680,918,0.54125,0.130441
201501,238,4715,923,0.502943,0.1197
201601,256,4710,914,0.484549,0.124045
201701,223,4684,919,0.47486,0.105894
201801,231,4675,914,0.491048,0.113432
201901,207,4687,915,0.496899,0.102858
202001,228,4680,917,0.510741,0.116449
202101,226,4689,917,0.545383,0.123256
202201,221,4644,920,0.496549,0.109737
202301,235,4696,914,0.510654,0.120004
202401,243,4635,919,0.485577,0.117995
202501,233,4652,912,0.485633,0.113152
202601,226,4641,925,0.52332,0.11827
202701,238,4766,926,0.460722,0.109652
202801,243,4612,923,0.482545,0.117258
202901,234,4638,924,0.499745,0.11694
203001,224,4658,921,0.550222,0.12325
203101,213,4618,927,0.49623,0.105697
203201,214,4632,929,0.502935,0.107628
203301,231,4679,921,0.487815,0.112685
203401,257,4725,927,0.497766,0.127926
203501,200,4638,919,0.495211,0.0990422
203601,220,4717,919,0.533343,0.117336
203701,202,4637,919,0.4628,0.0934856
203801,215,4634,922,0.549643,0.118173
203901,223,4692,926,0.482036,0.107494
204001,214,4601,923,0.531963,0.11384
204101,220,4703,925,0.537459,0.118241
204201,211,4657,922,0.530534,0.111943
204301,237,4648,924,0.488665,0.115814
204401,232,4710,924,0.572881,0.132908
204501,215,4719,925,0.505358,0.108652
204601,220,4675,922,0.545519,0.120014
204701,202,4685,921,0.51867,0.104771
204801,227,4666,921,0.50935,0.115622
204901,202,4689,923,0.492877,0.0995611
205001,207,4680,916,0.526151,0.108913
205101,217,4693,921,0.467723,0.101496
205201,213,4680,923,0.488572,0.104066
205301,211,4656,918,0.532354,0.112327
205401,204,4652,925,0.499811,0.101961
205501,229,4684,924,0.498403,0.114134
205601,221,4723,921,0.511845,0.113118
205701,218,4666,926,0.5148,0.112226
205801,192,4613,929,0.546286,0.104887
205901,218,4673,928,0.502088,0.109455
206001,203,4641,924,0.511034,0.10374
206101,183,4672,922,0.505006,0.092416
206201,188,4660,918,0.522518,0.0982334
206301,196,4653,919,0.521899,0.102292
206401,198,4669,924,0.555053,0.109901
206501,211,4696,918,0.50966,0.107538
206601,211,4673,919,0.468668,0.098889
206701,198,4687,926,0.534679,0.105866
206801,221,4668,918,0.461933,0.102087
206901,199,4695,921,0.499354,0.0993715
207001,190,4667,921,0.522085,0.0991961
207101,212,4675,921,0.542886,0.115092
207201,187,4653,922,0.531561,0.0994019
207301,184,4647,930,0.510775,0.0939826
207401,199,4646,924,0.479973,0.0955146
207501,192,4677,925,0.487086,0.0935205
207601,188,4616,922,0.53747,0.101044
207701,187,4611,925,0.481561,0.0900519
207801,188,4675,924,0.489791,0.0920808
207901,159,4588,934,0.482542,0.0767242
208001,176,4676,928,0.497968,0.0876423
208101,175,4642,930,0.539365,0.0943889
208201,186,4653,927,0.555984,0.103413
208301,178,4623,930,0.487661,0.0868037
208401,200,4667,937,0.474048,0.0948096
208501,177,4602,926,0.533297,0.0943936
208601,156,4557,929,0.536905,0.0837572
208701,163,4662,931,0.468518,0.0763685
208801,157,4576,930,0.608311,0.0955048
208901,179,4644,926,0.458919,0.0821464
209001,168,4583,925,0.508405,0.085412
209101,183,4614,926,0.490207,0.0897079
209201,169,4622,930,0.558902,0.0944544
209301,158,4570,929,0.543986,0.0859497
209401,171,4625,926,0.49467,0.0845886
209501,155,4549,926,0.559637,0.0867438
209601,168,4589,930,0.519403,0.0872597
209701,165,4618,926,0.592112,0.0976986
209801,173,4621,931,0.541337,0.0936512
209901,181,4673,925,0.525897,0.0951874
210001,157,4615,930,0.493386,0.0774616
210101,147,4649,931,0.531081,0.0780689
210201,158,4562,934,0.523598,0.0827285
210301,157,4595,933,0.521251,0.0818364
210401,140,4598,932,0.464408,0.0650171
210501,149,4557,928,0.621137,0.0925494
210601,165,4618,931,0.505249,0.0833661
210701,156,4635,931,0.51309,0.080042
210801,153,4605,932,0.509829,0.0780038
210901,141,4606,932,0.478056,0.0674059
211001,142,4625,931,0.500059,0.0710084
211101,155,4603,935,0.471584,0.0730955
211201,141,4565,927,0.490188,0.0691165
211301,140,4627,930,0.501767,0.0702474
211401,149,4626,932,0.484996,0.0722644
211501,142,4626,931,0.482858,0.0685659
211601,139,4620,935,0.509423,0.0708097
211701,142,4601,932,0.510435,0.0724817
211801,154,4642,932,0.530404,0.0816822
211901,125,4593,933,0.571649,0.0714561
212001,128,4630,928,0.538742,0.068959
212101,125,4637,933,0.507297,0.0634121
212201,140,4633,935,0.474274,0.0663984
212301,134,4609,935,0.514884,0.0689945
212401,142,4594,933,0.556782,0.0790631
212501,127,4612,929,0.495886,0.0629776
212601,144,4664,937,0.487203,0.0701572
212701,135,4622,934,0.497614,0.0671778
212801,116,4579,938,0.479879,0.055666
212901,126,4588,938,0.555854,0.0700376
213001,128,4609,937,0.598152,0.0765634
213101,130,4603,938,0.525054,0.068257
213201,127,4585,936,0.543985,0.0690861
213301,103,4562,935,0.532409,0.0548382
213401,108,4540,938,0.529235,0.0571574
213501,121,4585,940,0.501866,0.0607258
213601,115,4590,935,0.491325,0.0565024
213701,101,4549,942,0.522174,0.0527396
213801,124,4571,939,0.543972,0.0674525
213901,112,4602,936,0.503826,0.0564285
214001,114,4602,938,0.505837,0.0576654
214101,104,4579,936,0.49005,0.0509652
214201,103,4560,940,0.625145,0.0643899
214301,97,4513,940,0.534246,0.0518218
214401,112,4567,938,0.556918,0.0623749
214501,83,4547,938,0.549053,0.0455714
214601,101,4557,936,0.476295,0.0481058
214701,100,4541,940,0.473534,0.0473534
214801,89,4504,940,0.508322,0.0452406
214901,106,4549,939,0.497774,0.0527641
215001,112,4561,942,0.552213,0.0618479
215101,108,4559,939,0.49632,0.0536025
215201,101,4567,942,0.529887,0.0535186
215301,95,4582,945,0.554792,0.0527053
215401,99,4587,944,0.483171,0.0478339
215501,100,4562,949,0.486593,0.0486593
215601,96,4577,943,0.497953,0.0478035
215701,91,4588,940,0.627643,0.0571155
215801,94,4549,945,0.527055,0.0495432
215901,94,4555,944,0.503313,0.0473114
216001,87,4529,944,0.551033,0.0479399
216101,101,4558,941,0.572307,0.057803
216201,81,4580,944,0.550818,0.0446162
216301,76,4585,941,0.49015,0.0372514
216401,83,4589,943,0.533597,0.0442886
216501,91,4592,946,0.492285,0.0447979
216601,93,4614,941,0.550963,0.0512395
216701,78,4578,943,0.498831,0.0389088
216801,89,4578,941,0.542429,0.0482761
216901,84,4581,943,0.470171,0.0394944
217001,77,4591,941,0.504122,0.0388174
217101,87,4563,946,0.494384,0.0430114
217201,75,4520,942,0.604824,0.0453618
217301,84,4554,941,0.465135,0.0390713
217401,89,4599,943,0.497581,0.0442847
217501,74,4553,939,0.494453,0.0365895
217601,82,4592,946,0.51902,0.0425597
217701,77,4583,947,0.520495,0.0400781
217801,76,4594,942,0.534888,0.0406515
217901,66,4553,945,0.571804,0.0377391
218001,63,4582,943,0.541727,0.0341288
218101,62,4551,944,0.521827,0.0323533
218201,62,4572,945,0.644104,0.0399344
218301,72,4563,946,0.485354,0.0349455
218401,61,4558,943,0.496915,0.0303118
218501,57,4559,945,0.505447,0.0288105
218601,61,4563,942,0.577287,0.0352145
218701,71,4578,944,0.508219,0.0360835
218801,57,4570,943,0.530147,0.0302184
218901,45,4548,942,0.45616,0.0205272
219001,59,4547,943,0.47765,0.0281814
219101,55,4520,943,0.568448,0.0312647
219201,56,4532,944,0.538207,0.0301396
219301,43,4546,946,0.49955,0.0214807
219401,46,4512,944,0.534847,0.024603
219501,44,4525,946,0.5795,0.025498
219601,46,4568,947,0.411092,0.0189102
219701,39,4546,943,0.577056,0.0225052
219801,35,4525,945,0.499766,0.0174918
219901,28,4547,946,0.572219,0.0160221
220001,31,4538,944,0.604962,0.0187538
220101,32,4540,947,0.48235,0.0154352
220201,34,4537,945,0.599625,0.0203873
220301,25,4577,945,0.440533,0.0110133
220401,27,4540,944,0.486154,0.0131261
220501,26,4548,944,0.536301,0.0139438
220601,16,4552,945,0.550244,0.0088039
220701,18,4561,946,0.447641,0.00805754
220801,13,4545,946,0.491952,0.00639538
220901,8,4534,945,0.366625,0.002933
221001,4,4549,947,0.440551,0.00176221
