cycle,Population_size,Deleterious_muts,Beneficial_muts,Mean_fitness,Intrinsic_fitness
1,1000,0,0,1.0,1.0
101,748,1707,36,0.556746,0.416446
201,716,1789,32,0.539387,0.386201
301,713,1909,41,0.537921,0.383538
401,717,1955,31,0.524329,0.375944
501,680,1956,45,0.533264,0.36262
601,701,1993,38,0.568273,0.39836
701,686,2011,49,0.54434,0.373417
801,677,2043,48,0.557984,0.377755
901,686,2002,55,0.545663,0.374325
1001,698,2048,51,0.540372,0.37718
1101,730,2060,48,0.567594,0.414344
1201,691,2069,51,0.536061,0.370418
1301,694,1977,47,0.552069,0.383136
1401,685,2016,38,0.561529,0.384647
1501,709,2088,50,0.580411,0.411511
1601,673,2041,46,0.566028,0.380937
1701,714,2080,49,0.572162,0.408523
1801,692,2045,56,0.552998,0.382675
1901,716,2043,49,0.538283,0.38541
2001,699,2049,62,0.587359,0.410564
2101,650,2074,52,0.528324,0.34341
2201,697,2074,59,0.557626,0.388665
2301,676,2124,58,0.552685,0.373615
2401,709,2151,64,0.529147,0.375165
2501,703,2176,49,0.562463,0.395411
2601,688,2114,65,0.540597,0.37193
2701,674,2174,57,0.555634,0.374497
2801,691,2247,63,0.542708,0.375012
2901,683,2118,58,0.568036,0.387969
3001,711,2225,70,0.563064,0.400338
3101,654,2200,70,0.534794,0.349756
3201,675,2055,65,0.559275,0.377511
3301,721,2181,64,0.537411,0.387473
3401,695,2221,63,0.524205,0.364323
3501,705,2207,69,0.586131,0.413222
3601,687,2202,69,0.560226,0.384875
3701,629,2183,60,0.532879,0.335181
3801,630,2257,61,0.557335,0.351121
3901,691,2241,73,0.54753,0.378343
4001,655,2179,62,0.553649,0.36264
4101,679,2209,57,0.5617,0.381394
4201,666,2230,68,0.553,0.368298
4301,692,2237,60,0.558556,0.386521
4401,687,2240,67,0.542293,0.372555
4501,684,2174,64,0.516866,0.353536
4601,657,2225,72,0.563122,0.369971
4701,675,2185,67,0.578829,0.39071
4801,661,2155,61,0.566475,0.37444
4901,677,2206,72,0.542345,0.367167
5001,673,2257,63,0.520578,0.350349
5101,684,2195,75,0.553365,0.378502
5201,628,2111,56,0.541519,0.340074
5301,658,2153,56,0.552153,0.363317
5401,703,2276,65,0.513514,0.361
5501,695,2200,58,0.561996,0.390587
5601,674,2233,58,0.568104,0.382902
5701,656,2226,62,0.575809,0.37773
5801,674,2239,59,0.537341,0.362168
5901,714,2321,59,0.540359,0.385817
6001,651,2241,60,0.52471,0.341586
6101,682,2321,58,0.547234,0.373213
6201,661,2263,62,0.54605,0.360939
6301,670,2237,65,0.527519,0.353438
6401,690,2281,64,0.554638,0.3827
6501,695,2256,66,0.597069,0.414963
6601,696,2280,61,0.541696,0.37702
6701,656,2270,69,0.581318,0.381345
6801,700,2173,73,0.566456,0.396519
6901,639,2278,63,0.535233,0.342014
7001,657,2328,68,0.563026,0.369908
7101,710,2373,69,0.551522,0.391581
7201,661,2284,73,0.558107,0.368909
7301,686,2340,68,0.550543,0.377673
7401,676,2189,67,0.548891,0.37105
7501,661,2247,65,0.565946,0.37409
7601,659,2191,64,0.55818,0.367841
7701,654,2261,60,0.52317,0.342153
7801,679,2245,67,0.578163,0.392573
7901,675,2215,69,0.584397,0.394468
8001,698,2283,63,0.569561,0.397554
8101,666,2326,69,0.537442,0.357937
8201,692,2296,72,0.558832,0.386712
8301,686,2346,77,0.571827,0.392274
8401,682,2302,81,0.528665,0.360549
8501,646,2248,77,0.568709,0.367386
8601,669,2343,66,0.545503,0.364941
8701,691,2311,75,0.535972,0.370357
8801,685,2246,73,0.56535,0.387265
8901,704,2346,83,0.529195,0.372553
9001,640,2312,85,0.542777,0.347377
9101,694,2304,75,0.552301,0.383297
9201,673,2271,87,0.564867,0.380155
9301,668,2387,83,0.548349,0.366297
9401,686,2317,81,0.574365,0.394014
9501,655,2262,76,0.550707,0.360713
9601,670,2295,76,0.575818,0.385798
9701,698,2388,80,0.538194,0.375659
9801,696,2338,76,0.535077,0.372414
9901,673,2346,83,0.572587,0.385351
10001,660,2363,75,0.581269,0.383638
10101,664,2363,79,0.536901,0.356502
10201,685,2462,93,0.549433,0.376361
10301,683,2331,79,0.561959,0.383818
10401,661,2318,92,0.54459,0.359974
10501,692,2400,85,0.567187,0.392493
10601,672,2319,89,0.575616,0.386814
10701,674,2377,94,0.53413,0.360004
10801,672,2303,93,0.569832,0.382927
10901,654,2363,88,0.567438,0.371105
11001,678,2361,88,0.548407,0.37182
11101,701,2341,92,0.545816,0.382617
11201,676,2316,93,0.541068,0.365762
11301,665,2390,102,0.551246,0.366579
11401,691,2364,95,0.564747,0.39024
11501,672,2318,95,0.548163,0.368366
11601,638,2310,93,0.558489,0.356316
11701,681,2327,98,0.551553,0.375608
11801,672,2309,99,0.569685,0.382829
11901,679,2301,97,0.563143,0.382374
12001,681,2453,96,0.54262,0.369524
12101,679,2366,93,0.574109,0.38982
12201,651,2399,93,0.537719,0.350055
12301,648,2326,81,0.567254,0.36758
12401,676,2345,87,0.536884,0.362934
12501,690,2406,94,0.526958,0.363601
12601,685,2418,92,0.543878,0.372556
12701,681,2370,97,0.537273,0.365883
12801,680,2366,99,0.550633,0.37443
12901,687,2396,101,0.564215,0.387616
13001,667,2352,102,0.563566,0.375898
13101,674,2425,99,0.518031,0.349153
13201,676,2408,96,0.540615,0.365455
13301,701,2433,102,0.555121,0.38914
13401,697,2421,100,0.569731,0.397103
13501,701,2436,93,0.537318,0.37666
13601,662,2381,97,0.556237,0.368229
13701,681,2433,100,0.560516,0.381711
13801,681,2443,107,0.521835,0.35537
13901,666,2403,104,0.546695,0.364099
14001,717,2447,102,0.552346,0.396032
14101,659,2384,101,0.560963,0.369675
14201,690,2420,95,0.568162,0.392032
14301,664,2429,103,0.529753,0.351756
14401,683,2456,100,0.568336,0.388174
14501,665,2415,91,0.522983,0.347784
14601,686,2380,105,0.556079,0.38147
14701,682,2427,93,0.567283,0.386887
14801,710,2383,115,0.543261,0.385715
14901,674,2334,96,0.553738,0.37322
15001,693,2420,109,0.559509,0.38774
15101,681,2441,122,0.533305,0.36318
15201,695,2434,114,0.547462,0.380486
15301,693,2473,110,0.541219,0.375064
15401,665,2465,102,0.552953,0.367714
15501,675,2462,102,0.553587,0.373671
15601,660,2398,106,0.558163,0.368388
15701,676,2416,93,0.533772,0.36083
15801,695,2425,101,0.538775,0.374449
15901,684,2410,111,0.553131,0.378342
16001,678,2520,100,0.54487,0.369422
16101,668,2390,109,0.56576,0.377928
16201,677,2419,107,0.576205,0.390091
16301,660,2454,107,0.542111,0.357793
16401,695,2423,107,0.551353,0.38319
16501,689,2446,97,0.526848,0.362998
16601,695,2517,108,0.541063,0.376039
16701,699,2462,100,0.571458,0.399449
16801,708,2566,108,0.552514,0.39118
16901,688,2478,106,0.542894,0.373511
17001,683,2439,111,0.549916,0.375593
17101,666,2475,106,0.568476,0.378605
17201,684,2505,116,0.555623,0.380046
17301,673,2460,111,0.555886,0.374112
17401,653,2505,115,0.558361,0.36461
17501,679,2464,106,0.536204,0.364082
17601,694,2549,106,0.528111,0.366509
17701,647,2445,102,0.568662,0.367924
17801,661,2529,110,0.549236,0.363045
17901,706,2480,108,0.5465,0.385829
18001,685,2524,112,0.56116,0.384395
18101,653,2486,116,0.551778,0.360311
18201,694,2488,126,0.554904,0.385104
18301,683,2536,115,0.540825,0.369384
18401,705,2531,109,0.543628,0.383258
18501,645,2447,109,0.575038,0.370899
18601,634,2521,116,0.532739,0.337757
18701,649,2518,112,0.55168,0.35804
18801,681,2486,112,0.544694,0.370937
18901,699,2483,105,0.547112,0.382432
19001,701,2537,116,0.532255,0.373111
19101,689,2442,115,0.586096,0.40382
19201,694,2508,105,0.531467,0.368838
19301,693,2466,116,0.551874,0.382449
19401,664,2495,113,0.556888,0.369774
19501,678,2487,116,0.577691,0.391674
19601,667,2555,112,0.529564,0.353219
19701,664,2496,125,0.579985,0.38511
19801,691,2503,122,0.527056,0.364196
19901,645,2550,125,0.553354,0.356913
20001,710,2618,129,0.55078,0.391054
20101,665,2531,110,0.536603,0.356841
20201,682,2473,115,0.55152,0.376136
20301,668,2485,109,0.540657,0.361159
20401,673,2563,113,0.548941,0.369437
20501,661,2458,121,0.546157,0.36101
20601,676,2473,116,0.539979,0.365026
20701,706,2544,130,0.536856,0.379021
20801,640,2466,119,0.572917,0.366667
20901,716,2536,114,0.561023,0.401692
21001,667,2533,118,0.549762,0.366691
21101,635,2513,126,0.548069,0.348024
21201,716,2593,107,0.535137,0.383158
21301,700,2597,115,0.546541,0.382579
21401,681,2564,115,0.544309,0.370675
21501,680,2585,119,0.571516,0.388631
21601,672,2522,114,0.562878,0.378254
21701,694,2588,118,0.569204,0.395027
21801,683,2592,121,0.555757,0.379582
21901,686,2522,119,0.544863,0.373776
22001,712,2541,138,0.54865,0.390639
22101,635,2492,139,0.536143,0.340451
22201,698,2538,131,0.595813,0.415877
22301,677,2576,119,0.577032,0.390651
22401,645,2525,128,0.537427,0.34664
22501,715,2672,129,0.521811,0.373095
22601,679,2612,129,0.560724,0.380731
22701,713,2588,128,0.564274,0.402328
22801,690,2567,122,0.579908,0.400137
22901,669,2585,127,0.560021,0.374654
23001,693,2598,130,0.555156,0.384723
23101,720,2661,137,0.543367,0.391224
23201,659,2618,136,0.566796,0.373519
23301,717,2675,132,0.525768,0.376975
23401,680,2595,121,0.536495,0.364817
23501,683,2640,140,0.543365,0.371118
23601,686,2549,143,0.558673,0.38325
23701,677,2587,152,0.550077,0.372402
23801,681,2627,145,0.546497,0.372164
23901,661,2553,130,0.552094,0.364934
24001,673,2595,137,0.567817,0.382141
24101,667,2542,135,0.53066,0.35395
24201,672,2641,130,0.534781,0.359373
24301,713,2666,133,0.534138,0.38084
24401,695,2562,128,0.553444,0.384643
24501,678,2660,138,0.537613,0.364502
24601,675,2629,134,0.571949,0.386065
24701,725,2681,139,0.562038,0.407478
24801,740,2705,135,0.529106,0.391538
24901,723,2677,135,0.552984,0.399808
25001,689,2693,140,0.569292,0.392242
25101,667,2701,137,0.55419,0.369645
25201,681,2642,138,0.542799,0.369646
25301,706,2592,140,0.583573,0.412002
25401,727,2651,144,0.570968,0.415093
25501,679,2654,139,0.542849,0.368595
25601,652,2652,137,0.540546,0.352436
25701,694,2743,141,0.547636,0.38006
25801,656,2633,155,0.55905,0.366737
25901,695,2674,147,0.549654,0.382009
26001,675,2641,154,0.557211,0.376117
26101,660,2627,143,0.569259,0.375711
26201,681,2583,144,0.582652,0.396786
26301,720,2758,151,0.540495,0.389156
26401,666,2699,145,0.542112,0.361046
26501,676,2648,147,0.566456,0.382924
26601,685,2677,147,0.545956,0.37398
26701,647,2641,148,0.541178,0.350142
26801,681,2771,143,0.537345,0.365932
26901,684,2696,144,0.564602,0.386188
27001,673,2653,146,0.55824,0.375696
27101,652,2626,154,0.515,0.33578
27201,661,2630,158,0.56821,0.375587
27301,691,2737,157,0.547831,0.378551
27401,692,2747,151,0.566072,0.391722
27501,698,2692,149,0.555275,0.387582
27601,686,2668,163,0.539903,0.370374
27701,695,2685,155,0.562704,0.391079
27801,660,2692,156,0.526576,0.34754
27901,658,2712,155,0.546805,0.359798
28001,693,2729,156,0.542301,0.375815
28101,638,2710,166,0.570582,0.364031
28201,663,2725,170,0.544953,0.361304
28301,666,2727,162,0.544054,0.36234
28401,689,2627,167,0.592902,0.408509
28501,653,2668,157,0.559959,0.365653
28601,675,2738,159,0.546217,0.368696
28701,663,2631,158,0.548284,0.363512
28801,713,2760,162,0.547868,0.39063
28901,635,2737,158,0.53605,0.340391
29001,685,2730,155,0.572232,0.391979
29101,660,2680,165,0.566703,0.374024
29201,668,2768,157,0.525946,0.351332
29301,674,2701,156,0.574449,0.387179
29401,644,2681,158,0.546913,0.352212
29501,666,2688,166,0.571786,0.38081
29601,706,2739,153,0.555067,0.391877
29701,707,2829,151,0.543457,0.384224
29801,678,2755,151,0.526868,0.357216
29901,695,2755,155,0.560763,0.38973
30001,656,2796,165,0.542482,0.355868
30101,681,2766,148,0.564789,0.384621
30201,667,2741,172,0.552775,0.368701
30301,660,2789,170,0.546492,0.360685
30401,700,2797,159,0.555325,0.388728
30501,637,2669,159,0.519643,0.331012
30601,680,2744,167,0.557439,0.379058
30701,656,2773,164,0.540033,0.354262
30801,682,2888,166,0.55188,0.376382
30901,707,2778,169,0.554965,0.39236
31001,697,2789,163,0.561078,0.391071
31101,678,2780,160,0.559603,0.37941
31201,683,2764,178,0.566288,0.386775
31301,685,2767,175,0.564532,0.386704
31401,655,2863,168,0.552279,0.361743
31501,667,2773,167,0.568529,0.379209
31601,674,2786,173,0.531608,0.358304
31701,691,2777,179,0.562825,0.388912
31801,700,2799,182,0.546576,0.382603
31901,691,2810,178,0.538956,0.372419
32001,700,2816,183,0.554352,0.388046
32101,654,2739,180,0.553822,0.3622
32201,702,2851,178,0.551646,0.387255
32301,696,2866,180,0.553012,0.384897
32401,654,2846,183,0.546392,0.35734
32501,670,2772,182,0.551682,0.369627
32601,668,2782,190,0.569613,0.380501
32701,680,2784,194,0.537034,0.365183
32801,633,2730,177,0.556848,0.352484
32901,683,2816,182,0.542964,0.370844
33001,679,2786,184,0.549064,0.372814
33101,663,2767,184,0.563109,0.373341
33201,652,2791,188,0.529296,0.345101
33301,704,2774,182,0.587264,0.413434
33401,703,2847,179,0.562659,0.39555
33501,695,2873,191,0.549887,0.382171
33601,674,2788,178,0.560597,0.377842
33701,712,2903,170,0.544802,0.387899
33801,666,2791,185,0.575611,0.383357
33901,684,2885,176,0.528745,0.361662
34001,685,2785,188,0.538733,0.369032
34101,661,2867,192,0.554265,0.366369
34201,660,2808,188,0.512807,0.338452
34301,696,2821,186,0.518226,0.360685
34401,662,2788,200,0.555905,0.368009
34501,675,2803,184,0.546688,0.369014
34601,647,2758,193,0.536231,0.346941
34701,700,2786,196,0.567377,0.397164
34801,623,2775,194,0.535996,0.333926
34901,652,2749,192,0.552079,0.359956
35001,687,2810,209,0.593183,0.407517
35101,695,2848,198,0.555581,0.386129
35201,691,2808,191,0.552142,0.38153
35301,683,2831,200,0.527909,0.360562
35401,674,2853,190,0.571861,0.385434
35501,662,2773,194,0.566798,0.37522
35601,684,2802,185,0.554596,0.379344
35701,660,2799,194,0.538961,0.355714
35801,704,2836,197,0.546602,0.384807
35901,658,2863,202,0.555697,0.365649
36001,702,2937,193,0.547657,0.384455
36101,678,2886,200,0.53058,0.359733
36201,700,2895,203,0.556956,0.389869
36301,652,2820,194,0.580165,0.378267
36401,647,2869,198,0.550901,0.356433
36501,676,2887,193,0.557532,0.376892
36601,685,2817,186,0.570859,0.391039
36701,664,2978,184,0.555276,0.368704
36801,644,2905,193,0.544207,0.350469
36901,700,2921,194,0.55101,0.385707
37001,701,2948,197,0.53058,0.371936
37101,700,2924,186,0.557093,0.389965
37201,670,2811,193,0.546877,0.366407
37301,702,2860,188,0.553314,0.388426
37401,678,2854,196,0.573516,0.388844
37501,664,2863,190,0.523328,0.34749
37601,680,2918,192,0.566627,0.385307
37701,668,2858,198,0.576923,0.385385
37801,698,2881,198,0.53094,0.370596
37901,675,2922,193,0.56887,0.383987
38001,657,2860,194,0.541741,0.355924
38101,642,2841,198,0.583044,0.374314
38201,679,2869,194,0.539993,0.366655
38301,683,2963,203,0.550765,0.376173
38401,681,2875,207,0.542451,0.369409
38501,681,2949,198,0.541234,0.36858
38601,712,2962,206,0.577071,0.410875
38701,648,2935,211,0.536647,0.347748
38801,676,2982,217,0.54141,0.365993
38901,672,2826,212,0.587417,0.394744
39001,676,2938,212,0.588013,0.397497
39101,676,2929,206,0.530438,0.358576
39201,639,2871,205,0.578168,0.36945
39301,684,2991,198,0.56759,0.388232
39401,652,2868,196,0.541331,0.352948
39501,694,2929,202,0.580383,0.402785
39601,730,2960,207,0.530396,0.387189
39701,689,2911,214,0.533463,0.367556
39801,700,2971,204,0.544678,0.381275
39901,700,3016,201,0.557868,0.390507
40001,668,2944,206,0.548624,0.366481
40101,702,2955,199,0.57085,0.400736
40201,698,2982,202,0.582856,0.406833
40301,696,3015,205,0.556163,0.387089
40401,683,2995,207,0.544194,0.371684
40501,668,2959,208,0.546306,0.364932
40601,655,2870,215,0.564077,0.369471
40701,682,2975,220,0.550166,0.375214
40801,708,2995,201,0.54271,0.384239
40901,710,3030,211,0.537161,0.381384
41001,687,3029,204,0.542575,0.372749
41101,715,3021,203,0.524899,0.375303
41201,693,3053,204,0.582788,0.403872
41301,702,3053,210,0.538526,0.378046
41401,668,3046,206,0.589875,0.394037
41501,659,3011,217,0.564481,0.371993
41601,688,3024,208,0.562394,0.386927
41701,659,3016,207,0.539167,0.355311
41801,703,2993,215,0.532282,0.374194
41901,695,3051,216,0.536143,0.372619
42001,669,2952,216,0.564036,0.37734
42101,686,3084,229,0.549676,0.377078
42201,699,3035,229,0.556945,0.389305
42301,699,2999,230,0.547522,0.382718
42401,694,2944,229,0.590749,0.40998
42501,704,3038,231,0.547685,0.38557
42601,699,3023,221,0.541632,0.378601
42701,722,3073,222,0.543028,0.392066
42801,733,3078,234,0.551834,0.404494
42901,730,3157,233,0.543632,0.396852
43001,703,3008,234,0.577824,0.40621
43101,725,3141,234,0.550174,0.398876
43201,691,3103,221,0.570129,0.393959
43301,733,3089,232,0.547092,0.401019
43401,738,3128,237,0.549114,0.405246
43501,700,3111,244,0.565911,0.396137
43601,706,3123,233,0.567766,0.400843
43701,697,3206,238,0.544804,0.379728
43801,698,3125,237,0.557417,0.389077
43901,707,3093,247,0.552014,0.390274
44001,689,3129,241,0.562043,0.387248
44101,701,3113,240,0.537183,0.376565
44201,741,3148,240,0.555066,0.411304
44301,737,3176,236,0.568986,0.419343
44401,748,3187,249,0.567817,0.424727
44501,690,3185,251,0.559365,0.385962
44601,760,3103,241,0.555024,0.421818
44701,721,3135,241,0.550764,0.397101
44801,691,3125,249,0.529576,0.365937
44901,701,3155,239,0.545581,0.382452
45001,760,3155,250,0.573518,0.435874
45101,721,3207,244,0.562406,0.405494
45201,699,3197,242,0.560994,0.392135
45301,723,3180,258,0.552557,0.399498
45401,713,3177,259,0.579652,0.413292
45501,690,3116,256,0.557546,0.384706
45601,712,3247,255,0.530786,0.37792
45701,709,3177,267,0.535047,0.379349
45801,723,3254,261,0.544925,0.393981
45901,713,3253,263,0.533129,0.380121
46001,729,3253,247,0.54367,0.396335
46101,682,3133,253,0.571525,0.38978
46201,706,3155,259,0.564999,0.398889
46301,719,3133,258,0.560972,0.403339
46401,699,3208,253,0.540341,0.377698
46501,727,3186,261,0.566213,0.411637
46601,743,3207,272,0.536844,0.398875
46701,695,3185,263,0.549614,0.381982
46801,696,3089,258,0.552958,0.384859
46901,710,3157,269,0.545081,0.387008
47001,701,3181,264,0.555441,0.389364
47101,736,3188,252,0.515823,0.379646
47201,723,3170,259,0.572046,0.413589
47301,712,3220,252,0.546782,0.389309
47401,717,3325,258,0.544295,0.39026
47501,719,3164,251,0.522516,0.375689
47601,696,3166,254,0.532277,0.370465
47701,676,3112,260,0.540047,0.365072
47801,675,3055,263,0.567948,0.383365
47901,698,3238,256,0.544259,0.379893
48001,717,3225,258,0.573703,0.411345
48101,716,3198,258,0.56478,0.404383
48201,721,3163,257,0.57563,0.415029
48301,712,3241,267,0.562945,0.400817
48401,672,3251,261,0.546159,0.367019
48501,711,3222,269,0.561869,0.399489
48601,752,3287,272,0.533342,0.401073
48701,686,3198,265,0.534976,0.366994
48801,730,3274,272,0.561493,0.40989
48901,729,3237,271,0.531879,0.38774
49001,723,3233,273,0.561566,0.406012
49101,692,3264,276,0.554382,0.383632
49201,734,3300,274,0.557204,0.408987
49301,730,3276,286,0.554246,0.4046
49401,739,3266,275,0.569267,0.420688
49501,699,3183,269,0.542335,0.379092
49601,707,3263,278,0.552824,0.390847
49701,692,3220,264,0.554498,0.383712
49801,714,3196,264,0.540601,0.385989
49901,681,3229,264,0.531646,0.362051
50001,715,3307,269,0.528602,0.37795
50101,741,3256,273,0.533002,0.394954
50201,740,3224,264,0.569653,0.421543
50301,726,3303,262,0.554401,0.402495
50401,726,3305,266,0.595819,0.432564
50501,741,3323,279,0.561082,0.415762
50601,739,3435,278,0.552641,0.408401
50701,707,3209,261,0.542909,0.383836
50801,763,3284,261,0.5484,0.418429
50901,758,3306,264,0.534413,0.405085
51001,723,3276,279,0.546609,0.395198
51101,715,3327,266,0.561608,0.40155
51201,770,3294,275,0.555354,0.427623
51301,722,3288,276,0.555893,0.401355
51401,738,3380,275,0.544268,0.40167
51501,740,3372,268,0.539124,0.398952
51601,739,3387,263,0.542729,0.401077
51701,733,3416,276,0.543378,0.398296
51801,717,3282,276,0.55682,0.39924
51901,729,3267,278,0.549069,0.400272
52001,679,3297,281,0.572204,0.388527
52101,719,3384,278,0.561064,0.403405
52201,700,3353,271,0.526562,0.368593
52301,717,3370,272,0.564181,0.404518
52401,729,3384,285,0.540313,0.393888
52501,711,3371,276,0.544097,0.386853
52601,738,3391,270,0.557285,0.411276
52701,715,3369,271,0.549783,0.393095
52801,702,3353,267,0.539521,0.378743
52901,732,3304,284,0.544967,0.398916
53001,731,3292,270,0.544206,0.397815
53101,700,3357,274,0.542151,0.379506
53201,696,3325,285,0.565238,0.393405
53301,715,3349,285,0.554435,0.396421
53401,707,3374,278,0.536438,0.379261
53501,704,3367,277,0.536671,0.377817
53601,718,3331,286,0.548276,0.393662
53701,759,3461,285,0.536385,0.407116
53801,722,3369,276,0.54231,0.391548
53901,746,3380,279,0.520496,0.38829
54001,726,3327,282,0.519889,0.37744
54101,701,3313,283,0.544611,0.381773
54201,695,3373,276,0.560274,0.38939
54301,734,3386,296,0.563213,0.413399
54401,725,3351,279,0.552282,0.400405
54501,701,3348,288,0.551224,0.386408
54601,717,3381,286,0.568477,0.407598
54701,735,3356,296,0.565407,0.415574
54801,725,3398,291,0.57214,0.414801
54901,729,3361,282,0.554743,0.404407
55001,699,3424,291,0.570726,0.398937
55101,749,3502,304,0.548127,0.410547
55201,711,3405,288,0.554185,0.394025
55301,693,3395,301,0.591292,0.409765
55401,673,3374,290,0.556578,0.374577
55501,704,3388,301,0.578856,0.407515
55601,704,3363,299,0.541067,0.380911
55701,711,3413,296,0.546434,0.388514
55801,713,3374,293,0.583388,0.415956
55901,746,3455,299,0.577683,0.430951
56001,695,3482,302,0.548364,0.381113
56101,743,3517,295,0.553289,0.411093
56201,764,3430,297,0.571903,0.436934
56301,735,3495,303,0.543929,0.399788
56401,706,3397,305,0.568582,0.401419
56501,724,3502,308,0.567179,0.410638
56601,727,3510,307,0.55986,0.407018
56701,705,3541,312,0.546039,0.384957
56801,729,3524,298,0.53709,0.391538
56901,711,3536,299,0.571339,0.406222
57001,738,3450,305,0.558717,0.412333
57101,763,3545,308,0.55166,0.420917
57201,728,3466,307,0.549396,0.399961
57301,733,3571,303,0.569099,0.41715
57401,764,3485,311,0.562799,0.429979
57501,738,3430,305,0.554683,0.409356
57601,701,3512,296,0.552382,0.38722
57701,741,3517,307,0.552686,0.409541
57801,770,3472,304,0.5422,0.417494
57901,716,3491,308,0.55289,0.395869
58001,752,3566,310,0.557729,0.419412
58101,754,3449,317,0.54349,0.409792
58201,749,3431,306,0.550364,0.412223
58301,745,3387,298,0.574035,0.427656
58401,720,3424,303,0.561742,0.404454
58501,736,3421,314,0.558397,0.410981
58601,736,3470,315,0.559374,0.411699
58701,694,3404,307,0.554375,0.384736
58801,735,3433,303,0.531926,0.390965
58901,702,3477,315,0.543831,0.381769
59001,726,3447,311,0.559513,0.406206
59101,700,3501,321,0.557922,0.390545
59201,741,3524,312,0.568807,0.421486
59301,734,3513,317,0.559742,0.410851
59401,762,3546,304,0.567661,0.432557
59501,742,3548,313,0.543616,0.403363
59601,731,3610,320,0.545463,0.398734
59701,708,3533,307,0.552774,0.391364
59801,738,3586,307,0.548089,0.404489
59901,735,3512,313,0.572119,0.420508
60001,744,3540,320,0.560308,0.416869
60101,718,3461,328,0.579747,0.416258
60201,761,3515,322,0.562879,0.428351
60301,764,3493,320,0.536173,0.409636
60401,764,3646,314,0.549387,0.419731
60501,740,3630,316,0.55302,0.409235
60601,750,3577,317,0.577628,0.433221
60701,750,3625,314,0.563889,0.422917
60801,777,3596,314,0.533177,0.414278
60901,717,3585,318,0.556314,0.398877
61001,755,3671,328,0.571269,0.431308
61101,766,3605,324,0.549201,0.420688
61201,747,3556,329,0.554388,0.414128
61301,775,3735,325,0.542726,0.420612
61401,727,3672,323,0.557642,0.405406
61501,769,3654,327,0.557668,0.428847
61601,736,3701,319,0.552258,0.406462
61701,737,3648,332,0.570354,0.420351
61801,788,3672,332,0.548253,0.432023
61901,763,3634,332,0.526259,0.401535
62001,792,3673,341,0.565867,0.448167
62101,754,3672,328,0.556079,0.419284
62201,763,3682,330,0.564004,0.430335
62301,752,3618,324,0.550558,0.41402
62401,756,3656,320,0.554928,0.419525
62501,729,3652,328,0.566259,0.412803
62601,738,3581,341,0.558095,0.411874
62701,770,3621,340,0.563771,0.434104
62801,768,3635,348,0.551117,0.423258
62901,784,3664,335,0.553318,0.433801
63001,749,3644,338,0.542019,0.405972
63101,741,3676,342,0.548077,0.406125
63201,742,3694,328,0.514746,0.381941
63301,736,3619,331,0.552736,0.406813
63401,770,3671,343,0.553761,0.426396
63501,765,3628,336,0.573982,0.439097
63601,790,3707,333,0.557488,0.440415
63701,731,3643,337,0.523562,0.382724
63801,762,3720,343,0.55658,0.424114
63901,779,3692,337,0.545883,0.425243
64001,821,3768,337,0.539484,0.442917
64101,773,3651,343,0.567188,0.438437
64201,738,3774,349,0.561683,0.414522
64301,757,3673,342,0.576005,0.436035
64401,772,3705,339,0.572133,0.441687
64501,746,3734,343,0.546945,0.408021
64601,731,3745,340,0.534059,0.390397
64701,727,3700,338,0.540489,0.392936
64801,788,3683,331,0.542197,0.427251
64901,781,3784,341,0.545846,0.426305
65001,733,3725,339,0.574011,0.42075
65101,778,3766,345,0.542522,0.422082
65201,739,3696,343,0.547719,0.404764
65301,724,3719,335,0.534634,0.387075
65401,767,3808,340,0.545112,0.418101
65501,780,3728,342,0.550808,0.42963
65601,728,3701,354,0.56265,0.409609
65701,733,3747,341,0.528681,0.387523
65801,748,3777,350,0.527992,0.394938
65901,753,3776,354,0.574528,0.43262
66001,751,3717,353,0.551339,0.414056
66101,770,3787,357,0.537565,0.413925
66201,726,3717,348,0.546607,0.396837
66301,715,3801,358,0.55981,0.400264
66401,754,3652,358,0.549254,0.414137
66501,811,3794,360,0.552482,0.448063
66601,761,3810,371,0.540612,0.411405
66701,762,3655,362,0.555548,0.423328
66801,740,3794,366,0.547355,0.405043
66901,763,3758,353,0.577146,0.440362
67001,746,3702,354,0.545639,0.407047
67101,708,3624,363,0.568184,0.402274
67201,758,3743,362,0.551782,0.418251
67301,770,3770,357,0.551951,0.425002
67401,721,3817,354,0.538708,0.388409
67501,761,3822,359,0.541107,0.411783
67601,734,3774,364,0.527256,0.387006
67701,763,3808,362,0.550314,0.41989
67801,741,3776,356,0.544549,0.403511
67901,728,3729,350,0.554375,0.403585
68001,748,3655,363,0.568884,0.425525
68101,804,3845,363,0.547571,0.440247
68201,799,3812,371,0.550047,0.439487
68301,772,3888,369,0.545033,0.420765
68401,762,3805,368,0.596828,0.454783
68501,820,3842,365,0.564565,0.462943
68601,759,3860,367,0.555145,0.421355
68701,804,3870,373,0.535484,0.430529
68801,779,3864,380,0.552249,0.430202
68901,802,3834,365,0.518011,0.415445
69001,789,3901,364,0.571744,0.451106
69101,755,4038,364,0.563778,0.425652
69201,775,3921,352,0.545304,0.422611
69301,765,3844,367,0.544659,0.416664
69401,748,3750,361,0.560532,0.419278
69501,775,3840,376,0.558647,0.432952
69601,745,3889,366,0.544659,0.405771
69701,763,3826,363,0.564016,0.430344
69801,805,3905,369,0.550777,0.443375
69901,747,3751,370,0.528633,0.394889
70001,784,3894,360,0.536301,0.42046
70101,783,3872,360,0.57453,0.449857
70201,786,3983,367,0.53991,0.424369
70301,783,3859,357,0.58285,0.456372
70401,765,3890,362,0.54934,0.420245
70501,747,3842,367,0.531211,0.396815
70601,764,3770,377,0.565601,0.43212
70701,779,4012,378,0.541406,0.421755
70801,776,3888,368,0.55417,0.430036
70901,794,3826,363,0.571195,0.453529
71001,799,3862,368,0.568743,0.454426
71101,811,3851,373,0.556738,0.451515
71201,782,3801,372,0.55992,0.437857
71301,787,3990,373,0.56906,0.447851
71401,791,3979,373,0.524222,0.414659
71501,779,3935,365,0.594223,0.462899
71601,742,3868,369,0.554611,0.411521
71701,765,3852,377,0.554272,0.424018
71801,782,3913,372,0.553836,0.4331
71901,803,3975,371,0.570153,0.457833
72001,790,3902,385,0.553071,0.436926
72101,758,3899,381,0.540601,0.409776
72201,775,3931,372,0.56003,0.434024
72301,775,3967,365,0.555948,0.43086
72401,794,4026,376,0.532449,0.422764
72501,809,3987,376,0.546233,0.441902
72601,806,3905,386,0.553723,0.446301
72701,766,3992,383,0.534679,0.409564
72801,822,3954,387,0.552747,0.454358
72901,751,3994,391,0.555966,0.41753
73001,771,4014,402,0.570386,0.439767
73101,763,4023,396,0.530356,0.404662
73201,766,3948,400,0.566175,0.43369
73301,780,3905,378,0.574075,0.447779
73401,762,4003,397,0.566079,0.431352
73501,775,3973,382,0.54463,0.422088
73601,770,3983,395,0.552085,0.425105
73701,801,4085,387,0.546324,0.437606
73801,796,4052,379,0.565247,0.449937
73901,808,3998,397,0.544362,0.439845
74001,785,3991,388,0.533893,0.419106
74101,802,4082,398,0.533072,0.427524
74201,759,4009,407,0.564805,0.428687
74301,826,3967,387,0.549534,0.453915
74401,792,3966,395,0.553403,0.438295
74501,791,3922,397,0.550363,0.435337
74601,789,3984,403,0.542768,0.428244
74701,792,4038,388,0.537724,0.425878
74801,769,3960,387,0.55333,0.42551
74901,787,3928,389,0.563934,0.443816
75001,754,3983,385,0.551069,0.415506
75101,786,3997,395,0.569882,0.447927
75201,752,4020,396,0.533201,0.400967
75301,773,4020,396,0.538709,0.416422
75401,767,3951,385,0.561848,0.430938
75501,787,3974,394,0.583051,0.458861
75601,839,4000,400,0.552198,0.463294
75701,810,4018,400,0.578947,0.468947
75801,797,3925,394,0.573168,0.456815
75901,801,4035,399,0.583266,0.467196
76001,781,3992,395,0.559056,0.436623
76101,813,3994,395,0.553746,0.450195
76201,759,4044,397,0.546938,0.415126
76301,770,4101,400,0.558043,0.429693
76401,809,4074,386,0.535573,0.433279
76501,800,3943,395,0.551283,0.441026
76601,788,3938,392,0.582841,0.459278
76701,784,4059,392,0.536439,0.420568
76801,817,3997,402,0.563603,0.460463
76901,805,4054,411,0.572939,0.461216
77001,792,3996,406,0.587801,0.465538
77101,800,3972,401,0.579374,0.463499
77201,758,4020,404,0.556052,0.421487
77301,796,4048,393,0.544722,0.433599
77401,787,4105,397,0.571672,0.449905
77501,772,4176,400,0.548133,0.423158
77601,773,4089,422,0.555493,0.429396
77701,820,4117,411,0.543505,0.445674
77801,818,4053,405,0.551052,0.450761
77901,756,4016,418,0.551997,0.41731
78001,805,4056,409,0.551056,0.4436
78101,798,4126,420,0.542507,0.432921
78201,795,4156,409,0.541772,0.430708
78301,784,4136,408,0.560692,0.439582
78401,781,4042,412,0.565754,0.441854
78501,767,4102,411,0.534456,0.409928
78601,770,4080,413,0.565689,0.435581
78701,802,4066,417,0.560586,0.44959
78801,776,4047,420,0.558002,0.433009
78901,797,4038,411,0.546223,0.43534
79001,794,4134,424,0.548936,0.435855
79101,778,4127,417,0.551594,0.42914
79201,750,4053,408,0.549797,0.412348
79301,776,4064,423,0.567652,0.440498
79401,816,4159,413,0.567877,0.463387
79501,758,4083,414,0.558668,0.42347
79601,808,4053,419,0.582522,0.470678
79701,752,4101,411,0.539749,0.405891
79801,801,4063,429,0.570209,0.456737
79901,767,4050,406,0.550838,0.422493
80001,781,4122,419,0.561764,0.438738
80101,788,4105,429,0.56075,0.441871
80201,794,4281,431,0.559358,0.44413
80301,759,4030,428,0.547211,0.415333
80401,784,4078,434,0.559081,0.438319
80501,762,4089,425,0.543852,0.414415
80601,765,4133,429,0.524975,0.401606
80701,741,4076,425,0.560842,0.415584
80801,757,4070,421,0.53763,0.406986
80901,765,4115,427,0.517801,0.396118
81001,778,4149,422,0.54128,0.421116
81101,803,4189,430,0.539945,0.433576
81201,820,4109,420,0.549603,0.450675
81301,787,4151,422,0.550939,0.433589
81401,766,4103,417,0.571126,0.437483
81501,780,4162,426,0.557416,0.434784
81601,800,4181,420,0.562179,0.449743
81701,760,4057,438,0.546523,0.415358
81801,770,4079,426,0.56971,0.438676
81901,789,4117,438,0.542205,0.427799
82001,815,4132,428,0.591631,0.482179
82101,817,4169,431,0.594715,0.485882
82201,740,4095,424,0.543292,0.402036
82301,806,4216,426,0.529461,0.426746
82401,775,4124,429,0.556671,0.43142
82501,818,4221,434,0.563381,0.460846
82601,814,4275,442,0.553967,0.450929
82701,799,4238,427,0.547738,0.437642
82801,786,4270,424,0.566183,0.44502
82901,800,4206,433,0.561265,0.449012
83001,818,4222,445,0.526143,0.430385
83101,794,4277,440,0.54518,0.432873
83201,777,4158,430,0.548685,0.426328
83301,774,4203,433,0.567594,0.439318
83401,792,4194,418,0.559249,0.442926
83501,800,4330,437,0.535623,0.428499
83601,790,4211,427,0.537541,0.424658
83701,829,4266,424,0.556154,0.461052
83801,773,4146,426,0.55535,0.429285
83901,764,4157,436,0.535699,0.409274
84001,812,4206,434,0.585489,0.475417
84101,816,4186,434,0.561634,0.458293
84201,814,4268,425,0.563283,0.458513
84301,768,4171,441,0.538597,0.413642
84401,785,4300,433,0.546784,0.429226
84501,801,4205,423,0.534515,0.428146
84601,782,4201,436,0.55272,0.432227
84701,830,4246,451,0.562807,0.46713
84801,796,4193,437,0.537556,0.427895
84901,825,4215,441,0.536557,0.44266
85001,790,4267,443,0.536737,0.424022
85101,803,4193,450,0.552471,0.443634
85201,797,4168,448,0.535931,0.427137
85301,805,4271,438,0.578137,0.4654
85401,781,4197,443,0.547627,0.427696
85501,748,4186,438,0.556561,0.416308
85601,763,4279,443,0.549699,0.41942
85701,804,4233,453,0.560933,0.45099
85801,802,4195,440,0.553059,0.443553
85901,838,4240,452,0.562539,0.471407
86001,790,4241,446,0.538568,0.425468
86101,759,4232,455,0.564964,0.428808
86201,802,4311,450,0.552692,0.443259
86301,842,4307,458,0.541085,0.455593
86401,800,4253,439,0.564668,0.451735
86501,822,4340,460,0.54209,0.445598
86601,762,4260,453,0.556199,0.423823
86701,803,4312,459,0.54835,0.440325
86801,821,4306,455,0.55155,0.452822
86901,786,4312,462,0.564975,0.44407
87001,790,4287,446,0.556881,0.439936
87101,800,4365,448,0.576254,0.461003
87201,802,4342,458,0.561519,0.450339
87301,820,4375,456,0.552018,0.452655
87401,827,4326,458,0.55293,0.457273
87501,798,4262,448,0.538749,0.429922
87601,794,4316,463,0.548544,0.435544
87701,793,4257,462,0.528091,0.418776
87801,818,4306,474,0.553074,0.452415
87901,809,4321,456,0.56134,0.454124
88001,812,4322,468,0.552972,0.449013
88101,809,4365,459,0.549545,0.444582
88201,808,4403,467,0.528624,0.427128
88301,786,4334,463,0.548015,0.43074
88401,819,4386,458,0.54431,0.44579
88501,793,4386,463,0.556108,0.440994
88601,815,4348,469,0.548587,0.447099
88701,795,4367,461,0.556974,0.442795
88801,810,4333,459,0.559102,0.452873
88901,833,4314,468,0.5514,0.459316
89001,809,4359,465,0.559515,0.452647
89101,822,4405,463,0.557162,0.457987
89201,780,4387,472,0.535189,0.417447
89301,789,4264,470,0.577518,0.455661
89401,834,4282,457,0.540896,0.451107
89501,834,4411,463,0.587665,0.490112
89601,842,4508,449,0.561034,0.472391
89701,840,4395,468,0.544281,0.457196
89801,814,4406,475,0.543625,0.442511
89901,834,4452,466,0.525786,0.438506
90001,835,4541,463,0.582128,0.486077
90101,873,4532,477,0.563031,0.491526
90201,763,4470,480,0.550313,0.419889
90301,814,4525,487,0.549544,0.447329
90401,816,4447,485,0.56003,0.456985
90501,813,4497,478,0.56063,0.455792
90601,824,4405,483,0.569424,0.469205
90701,831,4434,475,0.552552,0.459171
90801,813,4505,474,0.554327,0.450668
90901,832,4419,478,0.561003,0.466755
91001,817,4450,486,0.552888,0.451709
91101,825,4474,476,0.564029,0.465324
91201,829,4461,478,0.551179,0.456927
91301,851,4455,486,0.555425,0.472666
91401,825,4536,482,0.54726,0.45149
91501,861,4484,490,0.568715,0.489663
91601,802,4547,483,0.539498,0.432677
91701,811,4521,483,0.554176,0.449436
91801,817,4529,483,0.558893,0.456615
91901,827,4497,480,0.560624,0.463636
92001,807,4618,487,0.512647,0.413706
92101,826,4543,493,0.528615,0.436636
92201,815,4552,481,0.57181,0.466025
92301,815,4530,488,0.564778,0.460294
92401,804,4489,491,0.536884,0.431655
92501,833,4559,495,0.539555,0.449449
92601,862,4525,484,0.57973,0.499727
92701,809,4537,483,0.553925,0.448125
92801,848,4499,497,0.549504,0.465979
92901,839,4523,487,0.546116,0.458192
93001,844,4496,506,0.560987,0.473473
93101,827,4524,506,0.545609,0.451219
93201,838,4614,504,0.551209,0.461913
93301,879,4557,491,0.576047,0.506346
93401,841,4590,505,0.562661,0.473198
93501,792,4483,491,0.554652,0.439285
93601,850,4534,497,0.555508,0.472182
93701,852,4615,497,0.555265,0.473086
93801,817,4559,493,0.56266,0.459693
93901,847,4600,502,0.538926,0.45647
94001,839,4636,496,0.5557,0.466232
94101,830,4576,511,0.557449,0.462683
94201,858,4521,511,0.533043,0.457351
94301,833,4590,494,0.571648,0.476183
94401,811,4561,490,0.57801,0.468766
94501,835,4451,491,0.562087,0.469343
94601,889,4541,494,0.535184,0.475779
94701,809,4559,499,0.543695,0.439849
94801,841,4600,505,0.54215,0.455948
94901,872,4639,502,0.53913,0.470121
95001,811,4466,513,0.542595,0.440044
95101,849,4523,502,0.580906,0.49319
95201,881,4506,511,0.543759,0.479052
95301,833,4460,509,0.563992,0.469805
95401,838,4563,504,0.552688,0.463152
95501,852,4582,508,0.549626,0.468282
95601,831,4651,501,0.543634,0.45176
95701,807,4600,506,0.558948,0.451071
95801,839,4528,514,0.59678,0.500699
95901,868,4469,523,0.549323,0.476813
96001,836,4613,507,0.562985,0.470656
96101,832,4634,521,0.546757,0.454902
96201,810,4678,511,0.564677,0.457389
96301,826,4615,508,0.558782,0.461554
96401,834,4625,513,0.549,0.457866
96501,804,4623,513,0.564119,0.453552
96601,811,4517,504,0.561503,0.455379
96701,822,4635,517,0.561947,0.461921
96801,821,4578,516,0.541587,0.444643
96901,874,4618,517,0.569084,0.497379
97001,858,4680,513,0.546434,0.46884
97101,862,4683,513,0.534664,0.46088
97201,853,4629,506,0.554341,0.472853
97301,848,4705,521,0.561745,0.47636
97401,845,4630,512,0.564099,0.476664
97501,795,4574,523,0.556348,0.442297
97601,839,4649,523,0.547367,0.459241
97701,836,4644,531,0.55021,0.459975
97801,828,4601,526,0.567213,0.469652
97901,840,4614,504,0.548598,0.460822
98001,844,4710,521,0.545699,0.46057
98101,853,4695,510,0.544505,0.464463
98201,886,4748,510,0.567692,0.502975
98301,822,4638,515,0.545274,0.448216
98401,863,4673,523,0.534115,0.460941
98501,819,4667,516,0.553477,0.453298
98601,820,4553,513,0.551374,0.452127
98701,858,4668,518,0.54723,0.469524
98801,842,4646,523,0.56029,0.471764
98901,827,4766,540,0.544349,0.450176
99001,801,4640,518,0.531424,0.42567
99101,833,4720,533,0.567544,0.472764
99201,836,4721,519,0.558012,0.466498
99301,850,4718,529,0.545452,0.463634
99401,849,4681,530,0.556581,0.472537
99501,865,4791,531,0.543543,0.470165
99601,839,4692,524,0.580817,0.487305
99701,829,4679,524,0.532834,0.441719
99801,863,4779,522,0.53298,0.459962
99901,861,4777,531,0.535384,0.460966
100001,835,4702,528,0.550142,0.459369
100101,865,4719,515,0.558733,0.483304
100201,812,4641,527,0.545865,0.443242
100301,843,4732,535,0.560772,0.472731
100401,833,4757,536,0.547996,0.45648
100501,827,4748,528,0.559833,0.462982
100601,847,4755,527,0.544389,0.461098
100701,910,4839,542,0.554388,0.504493
100801,805,4819,526,0.529094,0.425921
100901,873,4667,536,0.55543,0.48489
101001,899,4822,537,0.545364,0.490282
101101,857,4773,527,0.535335,0.458782
101201,849,4860,541,0.54942,0.466457
101301,891,4807,523,0.548085,0.488344
101401,849,4885,535,0.541439,0.459682
101501,857,4812,537,0.562559,0.482113
101601,847,4820,531,0.550625,0.466379
101701,873,4893,532,0.549262,0.479506
101801,838,4868,535,0.574558,0.481479
101901,866,4886,526,0.53616,0.464315
102001,882,4932,543,0.563849,0.497315
102101,824,4787,519,0.548109,0.451642
102201,841,4738,537,0.586916,0.493596
102301,837,4827,539,0.567813,0.47526
102401,900,4911,535,0.556417,0.500775
102501,831,4818,534,0.558272,0.463924
102601,877,4897,545,0.565743,0.496157
102701,851,4970,537,0.528752,0.449968
102801,840,4869,529,0.552913,0.464447
102901,803,4724,528,0.568155,0.456229
103001,821,4797,533,0.583587,0.479125
103101,825,4812,537,0.566841,0.467644
103201,850,4846,545,0.565137,0.480366
103301,844,4892,534,0.579169,0.488819
103401,862,4895,550,0.54505,0.469833
103501,850,4792,543,0.559492,0.475568
103601,850,4872,545,0.546825,0.464801
103701,886,4939,540,0.564845,0.500453
103801,814,4793,545,0.574766,0.467859
103901,830,4791,552,0.561143,0.465749
104001,835,4895,555,0.547143,0.456864
104101,902,4948,541,0.533827,0.481512
104201,886,4895,545,0.556495,0.493055
104301,902,4913,529,0.549534,0.49568
104401,888,4849,537,0.556185,0.493892
104501,877,4970,542,0.568012,0.498147
104601,817,4863,554,0.548803,0.448372
104701,817,4815,550,0.57135,0.466793
104801,858,4965,536,0.568389,0.487678
104901,869,4845,551,0.568133,0.493707
105001,864,4952,562,0.533227,0.460708
105101,793,4879,549,0.531538,0.42151
105201,832,4888,558,0.532832,0.443316
105301,862,5019,557,0.57576,0.496305
105401,842,4979,556,0.552126,0.46489
105501,865,4882,566,0.542179,0.468985
105601,925,4979,574,0.561668,0.519543
105701,866,4993,570,0.557468,0.482767
105801,831,4814,566,0.568617,0.472521
105901,880,4937,566,0.548256,0.482465
106001,875,4937,570,0.535665,0.468707
106101,873,5003,579,0.544373,0.475238
106201,877,4953,577,0.542598,0.475858
106301,882,4854,583,0.542071,0.478107
106401,907,5016,576,0.533974,0.484315
106501,909,4953,576,0.554068,0.503648
106601,878,4991,573,0.55525,0.487509
106701,903,4995,568,0.570703,0.515345
106801,886,4974,574,0.549703,0.487037
106901,838,5039,568,0.541929,0.454137
107001,872,4974,575,0.555491,0.484388
107101,912,4975,601,0.53196,0.485147
107201,879,4974,592,0.557802,0.490308
107301,933,4930,584,0.546022,0.509439
107401,920,4979,580,0.557667,0.513054
107501,925,5053,580,0.551181,0.509843
107601,928,5055,588,0.573743,0.532434
107701,923,5141,586,0.564151,0.520711
107801,921,5054,585,0.530733,0.488805
107901,908,5113,581,0.518484,0.470783
108001,881,5100,580,0.532701,0.46931
108101,918,5140,588,0.554668,0.509185
108201,901,5199,597,0.53838,0.485081
108301,887,5092,588,0.568634,0.504379
108401,919,5110,584,0.55005,0.505496
108501,898,5129,587,0.542258,0.486948
108601,913,5219,595,0.542541,0.49534
108701,921,5130,584,0.531325,0.48935
108801,908,5183,600,0.551502,0.500764
108901,927,5103,595,0.547347,0.50739
109001,882,5021,581,0.537756,0.4743
109101,908,5111,582,0.566808,0.514661
109201,987,5149,586,0.557522,0.550275
109301,904,5066,592,0.559827,0.506084
109401,922,5188,600,0.541655,0.499406
109501,937,5025,591,0.54981,0.515172
109601,916,5152,602,0.546667,0.500747
109701,925,5124,591,0.541054,0.500475
109801,915,5108,584,0.560475,0.512834
109901,887,5067,585,0.571062,0.506532
110001,927,5201,586,0.534781,0.495742
110101,899,5140,585,0.554094,0.498131
110201,919,5210,589,0.556167,0.511117
110301,931,5243,584,0.545415,0.507782
110401,894,5239,592,0.542458,0.484958
110501,926,5243,604,0.559513,0.518109
110601,941,5230,601,0.529943,0.498677
110701,897,5296,607,0.531417,0.476681
110801,934,5107,604,0.554959,0.518332
110901,1007,5271,590,0.556963,0.560862
111001,938,5118,600,0.551725,0.517518
111101,946,5164,605,0.549094,0.519443
111201,938,5213,604,0.532631,0.499607
111301,963,5128,593,0.548684,0.528383
111401,936,5231,604,0.560506,0.524633
111501,941,5280,591,0.53968,0.507839
111601,923,5150,601,0.550267,0.507896
111701,954,5202,596,0.560237,0.534466
111801,942,5299,615,0.541676,0.510259
111901,949,5281,609,0.543943,0.516202
112001,947,5161,604,0.566309,0.536295
112101,958,5345,609,0.543981,0.521133
112201,904,5301,600,0.531148,0.480158
112301,927,5188,590,0.561415,0.520431
112401,942,5153,590,0.560809,0.528282
112501,912,5268,611,0.554355,0.505572
112601,944,5242,609,0.563643,0.532079
112701,931,5300,597,0.570809,0.531423
112801,945,5358,613,0.543472,0.513581
112901,934,5364,612,0.544302,0.508378
113001,920,5249,616,0.57764,0.531429
113101,953,5272,611,0.539534,0.514176
113201,917,5384,606,0.539304,0.494542
113301,957,5401,606,0.54843,0.524848
113401,917,5394,608,0.543038,0.497966
113501,930,5405,609,0.569563,0.529693
113601,935,5344,623,0.554938,0.518867
113701,938,5381,615,0.544601,0.510836
113801,943,5448,610,0.552213,0.520736
113901,972,5356,617,0.552356,0.53689
114001,933,5462,611,0.529253,0.493793
114101,927,5348,622,0.569446,0.527877
114201,922,5371,611,0.548512,0.505728
114301,876,5397,617,0.541816,0.474631
114401,904,5445,624,0.545007,0.492687
114501,942,5367,625,0.548509,0.516696
114601,918,5338,626,0.564695,0.51839
114701,924,5374,620,0.577241,0.533371
114801,951,5441,629,0.537228,0.510904
114901,951,5372,639,0.566475,0.538717
115001,984,5386,639,0.531291,0.52279
115101,923,5359,628,0.534476,0.493321
115201,968,5513,638,0.542169,0.52482
115301,958,5506,637,0.559065,0.535584
115401,927,5509,625,0.563783,0.522627
115501,939,5320,616,0.556456,0.522513
115601,952,5437,630,0.552278,0.525769
115701,968,5381,647,0.54904,0.531471
115801,978,5376,631,0.545007,0.533016
115901,983,5463,638,0.54687,0.537574
116001,977,5404,638,0.56324,0.550286
116101,961,5373,637,0.554224,0.532609
116201,991,5467,634,0.541757,0.536882
116301,988,5489,635,0.54753,0.54096
116401,968,5425,642,0.563569,0.545535
116501,930,5394,636,0.554796,0.51596
116601,961,5474,626,0.556195,0.534503
116701,999,5378,624,0.555213,0.554657
116801,940,5332,638,0.560039,0.526437
116901,959,5461,648,0.562665,0.539596
117001,943,5481,637,0.535853,0.50531
117101,996,5506,632,0.561974,0.559727
117201,1000,5436,636,0.549647,0.549647
117301,933,5422,642,0.538402,0.502329
117401,937,5390,652,0.557597,0.522468
117501,970,5429,650,0.569186,0.55211
117601,965,5458,644,0.52397,0.505631
117701,974,5437,650,0.568274,0.553499
117801,948,5471,640,0.547806,0.51932
117901,980,5478,655,0.54322,0.532356
118001,985,5556,658,0.541134,0.533017
118101,993,5666,660,0.563909,0.559962
118201,996,5449,666,0.564917,0.562658
118301,953,5420,637,0.583474,0.556051
118401,959,5510,639,0.538414,0.516339
118501,975,5488,648,0.577053,0.562627
118601,974,5413,649,0.565265,0.550568
118701,1000,5592,648,0.565055,0.565055
118801,980,5642,649,0.552315,0.541269
118901,947,5505,648,0.580723,0.549944
119001,953,5513,656,0.548252,0.522484
119101,950,5524,661,0.554609,0.526878
119201,956,5647,663,0.538009,0.514336
119301,950,5593,664,0.569017,0.540567
119401,1000,5604,661,0.5617,0.5617
119501,959,5525,665,0.533674,0.511794
119601,949,5621,661,0.533837,0.506612
119701,1025,5586,668,0.55405,0.567901
119801,1027,5649,662,0.560873,0.576017
119901,975,5635,661,0.557804,0.543858
120001,979,5519,659,0.570046,0.558075
120101,1027,5594,673,0.555692,0.570696
120201,958,5580,681,0.555447,0.532119
120301,974,5642,659,0.534686,0.520784
120401,1007,5655,669,0.530735,0.53445
120501,926,5585,674,0.534957,0.49537
120601,1061,5795,678,0.526786,0.558919
120701,973,5608,680,0.571167,0.555745
120801,951,5603,669,0.546465,0.519688
120901,986,5637,670,0.556365,0.548576
121001,998,5634,674,0.57342,0.572273
121101,1001,5552,682,0.529973,0.530503
121201,1018,5690,686,0.553001,0.562955
121301,985,5572,682,0.55535,0.54702
121401,996,5667,681,0.542274,0.540105
121501,996,5584,680,0.576174,0.573869
121601,965,5600,686,0.54166,0.522702
121701,999,5599,689,0.545124,0.544579
121801,980,5648,676,0.549897,0.538899
121901,1001,5578,679,0.553565,0.554119
122001,988,5538,681,0.560068,0.553347
122101,1016,5649,690,0.567797,0.576882
122201,1019,5734,683,0.567469,0.578251
122301,1008,5794,691,0.545081,0.549442
122401,998,5729,685,0.54697,0.545876
122501,973,5657,688,0.577523,0.56193
122601,1026,5730,700,0.546814,0.561031
122701,1048,5781,687,0.536539,0.562293
122801,983,5663,703,0.544755,0.535494
122901,979,5698,692,0.558083,0.546363
123001,1008,5710,691,0.549772,0.554171
123101,979,5745,690,0.548294,0.536779
123201,1008,5703,696,0.561189,0.565679
123301,1014,5741,699,0.565665,0.573584
123401,988,5651,701,0.529482,0.523128
123501,1028,5791,695,0.550194,0.565599
123601,1041,5806,692,0.535292,0.557239
123701,1010,5751,698,0.541276,0.546688
123801,1002,5864,693,0.567486,0.568621
123901,983,5759,703,0.551696,0.542317
124001,1023,5733,701,0.537278,0.549635
124101,1004,5740,699,0.526992,0.5291
124201,1018,5818,707,0.572714,0.583023
124301,1032,5838,701,0.563334,0.581361
124401,1022,5784,706,0.544092,0.556062
124501,1062,5828,707,0.537964,0.571317
124601,1057,5808,698,0.563897,0.596039
124701,1007,5678,717,0.550617,0.554472
124801,1047,5760,719,0.561716,0.588116
124901,1015,5685,714,0.52673,0.534631
125001,1036,5915,723,0.549857,0.569652
125101,1025,5850,711,0.526738,0.539907
125201,1027,5826,718,0.561955,0.577127
125301,1044,5836,724,0.565014,0.589874
125401,1018,5798,714,0.569846,0.580103
125501,1024,5845,724,0.555765,0.569103
125601,1022,5873,712,0.57105,0.583613
125701,1025,5890,724,0.558689,0.572657
125801,1081,5888,733,0.536238,0.579673
125901,1060,5811,724,0.54307,0.575654
126001,1060,5838,725,0.58438,0.619443
126101,1050,5861,717,0.558115,0.58602
126201,1044,5887,725,0.54566,0.569669
126301,1054,5864,722,0.576057,0.607164
126401,1048,5926,715,0.55041,0.57683
126501,993,5779,732,0.587903,0.583788
126601,1064,5891,728,0.551574,0.586875
126701,1072,5866,717,0.562503,0.603003
126801,1058,5852,720,0.52847,0.559121
126901,1021,5745,724,0.557881,0.569597
127001,1066,5899,725,0.558728,0.595604
127101,1045,5916,714,0.532489,0.556451
127201,1057,5930,725,0.564577,0.596758
127301,1028,5819,729,0.555488,0.571041
127401,1056,5892,726,0.565993,0.597689
127501,1053,5891,723,0.541606,0.570311
127601,1059,5898,709,0.536733,0.568401
127701,1051,5903,723,0.549658,0.577691
127801,1069,5872,729,0.589342,0.630007
127901,1037,5808,741,0.561728,0.582512
128001,1084,5913,722,0.536185,0.581224
128101,1090,6000,728,0.531743,0.579599
128201,1031,5882,723,0.552616,0.569747
128301,1061,5964,717,0.553687,0.587462
128401,1090,5976,726,0.544734,0.593761
128501,1072,5885,731,0.545207,0.584462
128601,1061,5999,731,0.533581,0.56613
128701,1057,5912,738,0.569918,0.602404
128801,1111,5988,733,0.558358,0.620335
128901,1057,5933,732,0.548883,0.58017
129001,1077,6001,739,0.525468,0.565929
129101,1033,5901,716,0.5561,0.574452
129201,1059,5910,730,0.542647,0.574663
129301,1067,6048,735,0.550856,0.587763
129401,1092,6130,724,0.548882,0.59938
129501,1055,6010,725,0.559022,0.589768
129601,1026,5950,728,0.568505,0.583286
129701,1079,6019,726,0.574417,0.619796
129801,1050,5954,725,0.548939,0.576386
129901,1059,5994,724,0.541925,0.573899
130001,1055,6011,721,0.547287,0.577388
130101,1046,5907,721,0.542173,0.567113
130201,1056,5985,728,0.551673,0.582567
130301,1051,6079,736,0.552236,0.5804
130401,1088,6134,735,0.540536,0.588103
130501,1029,6016,728,0.542822,0.558563
130601,1043,6021,724,0.547433,0.570973
130701,1033,5961,725,0.559917,0.578394
130801,1075,6036,731,0.55671,0.598463
130901,1065,6058,736,0.535851,0.570681
131001,1043,5929,729,0.560107,0.584192
131101,1069,6014,747,0.538793,0.57597
131201,1110,6068,742,0.549787,0.610264
131301,1100,6063,758,0.559448,0.615393
131401,1030,5900,742,0.573184,0.590379
131501,1039,6012,745,0.541217,0.562324
131601,1044,6127,742,0.552921,0.57725
131701,1105,6081,742,0.574587,0.634918
131801,1063,6079,743,0.553772,0.588659
131901,1044,6050,744,0.548068,0.572183
132001,1072,6005,741,0.578361,0.620003
132101,1077,6126,748,0.553935,0.596588
132201,1033,6043,758,0.571493,0.590353
132301,1090,6058,749,0.546998,0.596228
132401,1100,6113,742,0.563976,0.620374
132501,1083,6103,740,0.545635,0.590923
132601,1056,6051,750,0.560033,0.591395
132701,1085,6045,755,0.56576,0.61385
132801,1038,6132,755,0.546354,0.567116
132901,1082,6242,761,0.532513,0.576179
133001,1100,6107,773,0.534794,0.588273
133101,1095,6157,749,0.554965,0.607687
133201,1030,6043,750,0.542933,0.559221
133301,1090,6127,756,0.553127,0.602908
133401,1090,6245,761,0.557718,0.607912
133501,1097,6187,755,0.56162,0.616097
133601,1058,6137,749,0.567223,0.600122
133701,1049,6185,762,0.569282,0.597177
133801,1098,6210,781,0.528449,0.580237
133901,1061,6091,761,0.561784,0.596053
134001,1107,6150,765,0.556239,0.615757
134101,1068,6162,773,0.539576,0.576267
134201,1061,6138,768,0.545937,0.579239
134301,1115,6200,765,0.560722,0.625205
134401,1049,6207,759,0.551452,0.578473
134501,1046,6169,759,0.555605,0.581163
134601,1141,6203,778,0.556109,0.634521
134701,1123,6195,778,0.557274,0.625818
134801,1055,6224,760,0.555665,0.586226
134901,1135,6281,769,0.573013,0.65037
135001,1057,6225,765,0.555005,0.58664
135101,1076,6076,759,0.561797,0.604493
135201,1078,6154,779,0.553461,0.596631
135301,1072,6102,763,0.558743,0.598973
135401,1118,6203,765,0.553697,0.619033
135501,1120,6224,759,0.532289,0.596164
135601,1130,6282,756,0.5787,0.653931
135701,1079,6147,769,0.570886,0.615986
135801,1110,6202,773,0.561171,0.6229
135901,1126,6190,773,0.567073,0.638524
136001,1087,6254,778,0.538896,0.58578
136101,1111,6129,783,0.545739,0.606316
136201,1131,6388,782,0.556706,0.629634
136301,1117,6219,780,0.560064,0.625591
136401,1087,6250,776,0.551128,0.599077
136501,1132,6343,775,0.538489,0.609569
136601,1153,6345,786,0.550131,0.634301
136701,1152,6282,788,0.576634,0.664282
136801,1118,6302,789,0.557515,0.623302
136901,1127,6341,806,0.548689,0.618373
137001,1101,6257,796,0.541607,0.59631
137101,1115,6284,801,0.539932,0.602024
137201,1096,6316,786,0.565731,0.620041
137301,1152,6304,796,0.555832,0.640318
137401,1086,6240,797,0.546557,0.593561
137501,1110,6260,799,0.600303,0.666336
137601,1157,6391,812,0.572814,0.662746
137701,1133,6315,796,0.541083,0.613047
137801,1123,6314,801,0.576199,0.647071
137901,1083,6353,814,0.550092,0.59575
138001,1093,6324,798,0.543253,0.593775
138101,1123,6393,796,0.570788,0.640995
138201,1155,6390,801,0.560362,0.647219
138301,1209,6358,805,0.541182,0.65429
138401,1156,6322,791,0.56602,0.654319
138501,1131,6411,809,0.545834,0.617338
138601,1158,6515,803,0.541255,0.626774
138701,1173,6496,803,0.567023,0.665118
138801,1113,6351,789,0.556992,0.619932
138901,1153,6368,806,0.531001,0.612244
139001,1136,6399,803,0.53948,0.61285
139101,1109,6337,802,0.55417,0.614575
139201,1110,6324,822,0.552125,0.612859
139301,1166,6527,818,0.581628,0.678179
139401,1117,6408,814,0.566221,0.632469
139501,1107,6416,821,0.550999,0.609956
139601,1167,6528,805,0.544838,0.635826
139701,1113,6422,808,0.544063,0.605542
139801,1163,6479,816,0.549863,0.639491
139901,1110,6488,818,0.576115,0.639488
140001,1171,6555,819,0.526818,0.616904
140101,1126,6564,820,0.544976,0.613643
140201,1157,6431,834,0.575036,0.665317
140301,1172,6620,825,0.555879,0.651491
140401,1196,6497,834,0.531897,0.636148
140501,1177,6395,828,0.542032,0.637971
140601,1143,6448,834,0.550081,0.628742
140701,1119,6496,830,0.546071,0.611053
140801,1169,6534,820,0.553156,0.64664
140901,1155,6467,824,0.559462,0.646178
141001,1162,6492,823,0.560753,0.651595
141101,1150,6621,828,0.549426,0.63184
141201,1225,6628,814,0.584502,0.716015
141301,1179,6649,812,0.547952,0.646035
141401,1159,6596,829,0.552712,0.640593
141501,1216,6665,820,0.566624,0.689015
141601,1162,6619,832,0.525604,0.610752
141701,1158,6495,832,0.536415,0.621169
141801,1168,6554,835,0.561341,0.655646
141901,1185,6580,833,0.542686,0.643083
142001,1159,6502,835,0.579269,0.671372
142101,1188,6575,840,0.545713,0.648307
142201,1196,6540,846,0.540291,0.646188
142301,1187,6582,857,0.545716,0.647765
142401,1156,6616,846,0.570693,0.659721
142501,1176,6612,836,0.532597,0.626334
142601,1202,6687,849,0.567479,0.68211
142701,1171,6502,844,0.571329,0.669026
142801,1167,6619,849,0.554818,0.647472
142901,1202,6661,853,0.563747,0.677624
143001,1207,6567,862,0.541365,0.653427
143101,1199,6653,849,0.555912,0.666539
143201,1242,6598,864,0.555572,0.69002
143301,1197,6592,864,0.546513,0.654176
143401,1201,6560,861,0.551544,0.662405
143501,1240,6611,846,0.551649,0.684045
143601,1182,6662,852,0.574452,0.679003
143701,1155,6727,857,0.558251,0.64478
143801,1145,6693,872,0.538209,0.616249
143901,1192,6717,856,0.540932,0.644791
144001,1185,6726,858,0.543734,0.644325
144101,1175,6716,875,0.558363,0.656076
144201,1243,6728,867,0.542001,0.673708
144301,1211,6718,879,0.554225,0.671166
144401,1162,6839,875,0.548895,0.637816
144501,1249,6742,873,0.556521,0.695095
144601,1244,6790,867,0.560362,0.69709
144701,1231,6844,868,0.526883,0.648592
144801,1214,6874,863,0.541894,0.657859
144901,1225,6730,884,0.561563,0.687914
145001,1224,6764,882,0.555582,0.680032
145101,1230,6788,878,0.542294,0.667022
145201,1211,6730,870,0.55329,0.670034
145301,1234,6770,898,0.536302,0.661796
145401,1227,6740,904,0.553107,0.678662
145501,1212,6738,891,0.542803,0.657878
145601,1249,6670,891,0.561898,0.70181
145701,1298,6804,901,0.547565,0.710739
145801,1260,7020,905,0.546498,0.688587
145901,1210,6900,899,0.544064,0.658317
146001,1235,6792,889,0.555094,0.685542
146101,1224,6786,888,0.558511,0.683618
146201,1227,6840,889,0.543063,0.666338
146301,1245,6721,890,0.561801,0.699443
146401,1251,7021,897,0.547601,0.685049
146501,1260,6893,894,0.570178,0.718424
146601,1248,6884,897,0.549598,0.685899
146701,1270,6917,899,0.542502,0.688978
146801,1233,7001,894,0.545222,0.672259
146901,1232,6861,905,0.535965,0.660309
147001,1266,6949,903,0.55801,0.706441
147101,1255,7007,900,0.546933,0.686401
147201,1210,7007,916,0.557257,0.674281
147301,1273,7063,900,0.538529,0.685548
147401,1282,6956,907,0.539463,0.691591
147501,1264,6854,914,0.563636,0.712436
147601,1271,6960,906,0.556128,0.706839
147701,1224,6945,898,0.556642,0.681329
147801,1322,7099,883,0.541812,0.716276
147901,1268,6965,905,0.558103,0.707674
148001,1287,6948,906,0.550235,0.708152
148101,1335,7076,906,0.553301,0.738657
148201,1264,7041,902,0.575268,0.727139
148301,1231,6942,908,0.579969,0.713942
148401,1325,7023,898,0.541572,0.717582
148501,1288,7091,899,0.526186,0.677727
148601,1274,7015,913,0.553961,0.705746
148701,1279,7153,898,0.519698,0.664694
148801,1253,6911,901,0.569928,0.714119
148901,1313,7051,907,0.561538,0.737299
149001,1289,6869,909,0.566674,0.730443
149101,1249,7014,902,0.552238,0.689746
149201,1258,6959,906,0.547735,0.68905
149301,1310,6963,907,0.553308,0.724833
149401,1341,7213,906,0.531482,0.712717
149501,1262,6978,907,0.542411,0.684522
149601,1336,7013,917,0.557235,0.744466
149701,1245,7051,911,0.533831,0.664619
149801,1260,6889,915,0.537659,0.67745
149901,1270,7099,915,0.549668,0.698079
150001,1314,7028,909,0.553274,0.727002
150101,1300,7135,922,0.555673,0.722375
150201,1279,7093,907,0.551591,0.705485
150301,1361,7187,898,0.566559,0.771086
150401,1295,7109,906,0.551197,0.7138
150501,1310,7049,922,0.54988,0.720343
150601,1327,7201,932,0.54051,0.717257
150701,1279,7247,933,0.533193,0.681954
150801,1311,7174,931,0.550051,0.721117
150901,1341,7241,926,0.543926,0.729405
151001,1321,7195,935,0.561856,0.742212
151101,1263,7185,930,0.560638,0.708085
151201,1381,7136,926,0.544463,0.751903
151301,1297,7198,924,0.559529,0.72571
151401,1267,7135,935,0.549637,0.69639
151501,1329,7104,953,0.572288,0.760571
151601,1312,7202,935,0.543271,0.712772
151701,1326,7349,948,0.55346,0.733888
151801,1335,7202,952,0.546022,0.728939
151901,1335,7269,925,0.556782,0.743304
152001,1325,7270,935,0.545611,0.722935
152101,1304,7269,930,0.555825,0.724796
152201,1294,7258,937,0.538752,0.697145
152301,1299,7256,924,0.547005,0.710559
152401,1296,7245,938,0.551267,0.714442
152501,1352,7239,928,0.555753,0.751379
152601,1359,7284,911,0.55902,0.759708
152701,1291,7249,924,0.572127,0.738615
152801,1346,7276,932,0.563234,0.758113
152901,1293,7336,936,0.556909,0.720083
153001,1339,7275,937,0.550865,0.737608
153101,1350,7322,941,0.54835,0.740273
153201,1386,7365,937,0.557785,0.773089
153301,1324,7236,934,0.552326,0.73128
153401,1341,7291,928,0.545373,0.731345
153501,1343,7381,954,0.548954,0.737245
153601,1266,7263,937,0.558997,0.70769
153701,1313,7189,940,0.540747,0.71
153801,1358,7353,932,0.567359,0.770473
153901,1340,7228,947,0.549862,0.736814
154001,1307,7177,948,0.564413,0.737688
154101,1364,7321,945,0.543871,0.741839
154201,1337,7300,941,0.557045,0.744769
154301,1369,7274,946,0.538354,0.737006
154401,1334,7455,930,0.542255,0.723368
154501,1313,7185,941,0.552648,0.725627
154601,1369,7338,951,0.552409,0.756248
154701,1283,7228,939,0.548963,0.70432
154801,1344,7447,942,0.536053,0.720455
154901,1390,7466,939,0.527188,0.732791
155001,1354,7481,948,0.557772,0.755224
155101,1329,7383,932,0.567022,0.753572
155201,1383,7441,944,0.551098,0.762169
155301,1345,7329,927,0.556598,0.748625
155401,1335,7487,946,0.537985,0.71821
155501,1380,7370,958,0.555299,0.766313
155601,1277,7380,955,0.545943,0.69717
155701,1299,7323,957,0.538461,0.699461
155801,1370,7280,963,0.566726,0.776415
155901,1363,7323,947,0.564244,0.769065
156001,1345,7448,962,0.550928,0.740998
156101,1370,7458,964,0.566241,0.77575
156201,1335,7446,969,0.559895,0.74746
156301,1356,7450,957,0.549561,0.745205
156401,1363,7464,977,0.554243,0.755433
156501,1376,7479,965,0.543927,0.748443
156601,1347,7456,972,0.560688,0.755246
156701,1353,7537,984,0.558216,0.755267
156801,1357,7496,988,0.535877,0.727185
156901,1365,7436,971,0.540109,0.737249
157001,1405,7482,981,0.543136,0.763106
157101,1412,7540,985,0.561308,0.792566
157201,1418,7572,987,0.537879,0.762712
157301,1419,7624,998,0.558683,0.792772
157401,1350,7439,989,0.541648,0.731225
157501,1362,7610,982,0.553918,0.754437
157601,1339,7492,981,0.551902,0.738996
157701,1336,7577,982,0.547565,0.731547
157801,1320,7496,990,0.572788,0.75608
157901,1378,7586,975,0.546249,0.752732
158001,1353,7674,987,0.541168,0.7322
158101,1387,7570,999,0.532807,0.739004
158201,1375,7598,996,0.552369,0.759507
158301,1387,7742,1014,0.542763,0.752812
158401,1446,7551,1009,0.560677,0.810738
158501,1405,7577,1001,0.542193,0.761781
158601,1408,7762,985,0.545531,0.768108
158701,1357,7828,1001,0.543929,0.738112
158801,1440,7754,993,0.5503,0.792431
158901,1377,7796,997,0.532018,0.732588
159001,1413,7686,993,0.560273,0.791666
159101,1466,7838,1013,0.560688,0.821969
159201,1429,7745,1011,0.537732,0.76842
159301,1450,7654,1006,0.560889,0.813289
159401,1337,7713,1002,0.544649,0.728195
159501,1378,7628,1021,0.560855,0.772858
159601,1421,7786,1025,0.555353,0.789157
159701,1429,7838,1016,0.549085,0.784643
159801,1425,7702,1013,0.554763,0.790538
159901,1411,7681,1021,0.555853,0.784308
160001,1410,7707,1015,0.558262,0.787149
160101,1446,7731,1015,0.544993,0.78806
160201,1397,7713,1023,0.550397,0.768904
160301,1459,7681,1019,0.551673,0.804891
160401,1460,7749,1020,0.535999,0.782558
160501,1441,7744,1015,0.541043,0.779643
160601,1480,7737,1015,0.560256,0.829178
160701,1386,7778,1006,0.548949,0.760843
160801,1442,7759,1027,0.544235,0.784787
160901,1402,7753,1016,0.547221,0.767203
161001,1515,7715,1018,0.547334,0.82921
161101,1497,7902,1027,0.567117,0.848974
161201,1526,7856,1031,0.565563,0.863049
161301,1506,7866,1029,0.548052,0.825367
161401,1467,7835,1032,0.558391,0.819159
161501,1475,7948,1034,0.549248,0.810141
161601,1526,8033,1030,0.533904,0.814738
161701,1445,7900,1020,0.563994,0.814972
161801,1456,7938,1035,0.569809,0.829643
161901,1502,7922,1040,0.576064,0.865247
162001,1489,7987,1040,0.559242,0.832711
162101,1469,7947,1028,0.556042,0.816825
162201,1493,7984,1020,0.567795,0.847718
162301,1430,8050,1040,0.545103,0.779497
162401,1447,7912,1033,0.548875,0.794222
162501,1502,7997,1034,0.543535,0.816389
162601,1509,8025,1037,0.560328,0.845535
162701,1483,8060,1029,0.552166,0.818863
162801,1517,8128,1033,0.538481,0.816876
162901,1452,8032,1018,0.542238,0.78733
163001,1482,8091,1025,0.54816,0.812373
163101,1489,8043,1041,0.568616,0.84667
163201,1468,8171,1023,0.540961,0.79413
163301,1511,8166,1051,0.551837,0.833826
163401,1470,8093,1044,0.551096,0.810111
163501,1506,8099,1049,0.544359,0.819805
163601,1534,8161,1056,0.54649,0.838315
163701,1486,8059,1023,0.548932,0.815713
163801,1510,8052,1040,0.561454,0.847796
163901,1500,8145,1040,0.57033,0.855495
164001,1582,8377,1032,0.532406,0.842266
164101,1532,8168,1051,0.548824,0.840798
164201,1452,8180,1050,0.549579,0.797989
164301,1505,8151,1061,0.564249,0.849194
164401,1517,8100,1057,0.551816,0.837105
164501,1532,8193,1063,0.566783,0.868311
164601,1516,8227,1051,0.544733,0.825815
164701,1552,8185,1055,0.548194,0.850797
164801,1528,8167,1069,0.553322,0.845476
164901,1488,8253,1059,0.554649,0.825317
165001,1530,8199,1041,0.560217,0.857132
165101,1586,8268,1056,0.545033,0.864422
165201,1555,8286,1063,0.546115,0.849209
165301,1528,8141,1068,0.549645,0.839857
165401,1531,8090,1069,0.568659,0.870617
165501,1525,8128,1048,0.56412,0.860283
165601,1577,8102,1067,0.540224,0.851933
165701,1516,8166,1064,0.558906,0.847302
165801,1529,8150,1055,0.549757,0.840579
165901,1564,8273,1047,0.556485,0.870342
166001,1542,8326,1069,0.543809,0.838553
166101,1555,8269,1071,0.543752,0.845534
166201,1544,8281,1077,0.538217,0.831007
166301,1595,8241,1068,0.538004,0.858117
166401,1551,8204,1074,0.547857,0.849726
166501,1582,8313,1063,0.553431,0.875527
166601,1523,8242,1064,0.55211,0.840863
166701,1515,8247,1089,0.548566,0.831078
166801,1615,8373,1064,0.565686,0.913583
166901,1579,8360,1080,0.544028,0.85902
167001,1590,8349,1064,0.543591,0.864309
167101,1581,8259,1068,0.561042,0.887008
167201,1529,8213,1069,0.555977,0.85009
167301,1554,8339,1068,0.569359,0.884784
167401,1592,8282,1074,0.57408,0.913935
167501,1604,8360,1072,0.552109,0.885583
167601,1570,8363,1079,0.550192,0.863801
167701,1560,8303,1085,0.549066,0.856543
167801,1558,8419,1081,0.542058,0.844526
167901,1539,8404,1090,0.559885,0.861664
168001,1602,8564,1098,0.557916,0.893781
168101,1620,8482,1089,0.564995,0.915292
168201,1546,8310,1106,0.572109,0.884481
168301,1560,8343,1091,0.538622,0.840251
168401,1547,8408,1085,0.544507,0.842353
168501,1588,8288,1099,0.562533,0.893303
168601,1606,8385,1102,0.56851,0.913027
168701,1577,8276,1095,0.562402,0.886908
168801,1567,8433,1094,0.534171,0.837046
168901,1572,8382,1087,0.555285,0.872908
169001,1618,8376,1093,0.539983,0.873692
169101,1637,8576,1093,0.569763,0.932702
169201,1625,8369,1080,0.551643,0.896419
169301,1583,8478,1096,0.563997,0.892807
169401,1559,8417,1096,0.549112,0.856066
169501,1638,8418,1090,0.549883,0.900708
169601,1603,8453,1091,0.559801,0.897361
169701,1614,8377,1111,0.561592,0.90641
169801,1650,8521,1131,0.578759,0.954952
169901,1619,8512,1105,0.574376,0.929915
170001,1606,8585,1108,0.548587,0.88103
170101,1645,8703,1113,0.55251,0.908878
170201,1593,8572,1107,0.563025,0.896898
170301,1639,8566,1108,0.546204,0.895228
170401,1627,8502,1113,0.554699,0.902495
170501,1657,8576,1133,0.556099,0.921456
170601,1614,8535,1124,0.562471,0.907827
170701,1641,8581,1138,0.546783,0.89727
170801,1631,8521,1123,0.551252,0.899092
170901,1633,8529,1119,0.553298,0.903535
171001,1610,8650,1129,0.531195,0.855223
171101,1669,8702,1129,0.573202,0.956674
171201,1617,8582,1135,0.556395,0.89969
171301,1638,8672,1125,0.550094,0.901054
171401,1673,8796,1124,0.546234,0.91385
171501,1665,8739,1127,0.552267,0.919525
171601,1620,8685,1125,0.569463,0.92253
171701,1673,8835,1136,0.549148,0.918724
171801,1694,8803,1125,0.545773,0.924539
171901,1674,8825,1123,0.555344,0.929647
172001,1699,8826,1156,0.540115,0.917656
172101,1725,8762,1134,0.546515,0.942739
172201,1647,8811,1147,0.545807,0.898944
172301,1720,8834,1140,0.565637,0.972896
172401,1764,8843,1157,0.555078,0.979158
172501,1701,8806,1152,0.559405,0.951547
172601,1672,8888,1156,0.558201,0.933312
172701,1663,8804,1150,0.559002,0.929619
172801,1759,8974,1157,0.543894,0.95671
172901,1738,8893,1149,0.567808,0.986851
173001,1716,8857,1153,0.553907,0.950505
173101,1731,8965,1155,0.578536,1.00145
173201,1681,8920,1155,0.53323,0.89636
173301,1734,9041,1146,0.558598,0.968609
173401,1722,8948,1166,0.556568,0.95841
173501,1738,8967,1153,0.567631,0.986542
173601,1711,9123,1163,0.54113,0.925874
173701,1674,8968,1159,0.535073,0.895712
173801,1732,8988,1140,0.552074,0.956192
173901,1774,9002,1150,0.564834,1.00202
174001,1613,8800,1153,0.550954,0.888689
174101,1715,8986,1167,0.556664,0.954679
174201,1713,9008,1148,0.554025,0.949044
174301,1720,9011,1154,0.53551,0.921078
174401,1697,8891,1149,0.557765,0.946527
174501,1747,9051,1135,0.537131,0.938369
174601,1724,9101,1177,0.548468,0.945559
174701,1745,8987,1173,0.544146,0.949534
174801,1731,8918,1144,0.56353,0.97547
174901,1689,8950,1144,0.57014,0.962967
175001,1765,9197,1150,0.528955,0.933606
175101,1713,9104,1171,0.543591,0.931171
175201,1765,9115,1134,0.560385,0.989079
175301,1751,9062,1134,0.559825,0.980253
175401,1758,9123,1153,0.570297,1.00258
175501,1748,9165,1137,0.544847,0.952393
175601,1715,9134,1152,0.569983,0.977521
175701,1666,9000,1147,0.560547,0.933871
175801,1795,9094,1166,0.551524,0.989985
175901,1714,9001,1160,0.559666,0.959267
176001,1761,9169,1173,0.545934,0.96139
176101,1767,9198,1152,0.545942,0.96468
176201,1786,9129,1161,0.557331,0.995392
176301,1753,9153,1166,0.547444,0.95967
176401,1744,9076,1164,0.563098,0.982044
176501,1783,9183,1181,0.558612,0.996005
176601,1777,9128,1186,0.576649,1.02471
176701,1736,9149,1163,0.539909,0.937282
176801,1714,9136,1183,0.561443,0.962313
176901,1777,9327,1168,0.541908,0.962971
177001,1788,9352,1196,0.553505,0.989668
177101,1797,9254,1197,0.551179,0.990469
177201,1710,9243,1195,0.549724,0.940027
177301,1789,9213,1193,0.536106,0.959094
177401,1797,9178,1186,0.548147,0.98502
177501,1850,9288,1200,0.556165,1.0289
177601,1828,9327,1202,0.553231,1.01131
177701,1850,9375,1200,0.54497,1.0082
177801,1831,9356,1178,0.569737,1.04319
177901,1800,9326,1203,0.541185,0.974132
178001,1851,9393,1187,0.548753,1.01574
178101,1812,9302,1189,0.551897,1.00004
178201,1901,9411,1206,0.558696,1.06208
178301,1878,9495,1195,0.55392,1.04026
178401,1803,9455,1209,0.523992,0.944757
178501,1889,9668,1198,0.541,1.02195
178601,1865,9524,1197,0.559959,1.04432
178701,1893,9501,1195,0.552151,1.04522
178801,1877,9451,1193,0.548211,1.02899
178901,1891,9527,1196,0.55227,1.04434
179001,1857,9441,1213,0.546712,1.01524
179101,1822,9451,1191,0.551667,1.00514
179201,1852,9520,1191,0.549743,1.01812
179301,1919,9620,1226,0.552955,1.06112
179401,1839,9490,1218,0.564076,1.03733
179501,1924,9609,1211,0.542067,1.04294
179601,1941,9552,1213,0.541422,1.0509
179701,1868,9558,1222,0.544151,1.01647
179801,1890,9650,1214,0.5402,1.02098
179901,1880,9716,1217,0.540014,1.01523
180001,1859,9702,1221,0.532803,0.99048
180101,1851,9544,1225,0.543087,1.00525
180201,1976,9705,1223,0.553762,1.09423
180301,1866,9763,1215,0.555268,1.03613
180401,1925,9687,1221,0.558906,1.07589
180501,1925,9629,1222,0.56556,1.0887
180601,1885,9618,1221,0.534816,1.00813
180701,1900,9595,1229,0.549904,1.04482
180801,1921,9783,1244,0.565245,1.08584
180901,1971,9697,1248,0.556505,1.09687
181001,1946,9580,1246,0.559051,1.08791
181101,1868,9619,1223,0.554989,1.03672
181201,1895,9734,1236,0.551882,1.04582
181301,1921,9879,1236,0.554966,1.06609
181401,1896,9825,1247,0.566848,1.07474
181501,1894,9780,1254,0.542842,1.02814
181601,1897,9778,1255,0.565988,1.07368
181701,1973,9708,1261,0.562385,1.10959
181801,1934,9715,1256,0.558495,1.08013
181901,1950,9913,1245,0.554106,1.08051
182001,1990,9837,1246,0.54914,1.09279
182101,2003,9859,1237,0.544859,1.09135
182201,1981,9855,1253,0.554218,1.09791
182301,1881,9935,1263,0.539264,1.01436
182401,1949,10022,1264,0.542126,1.0566
182501,2006,9873,1251,0.555413,1.11416
182601,2021,9874,1243,0.566319,1.14453
182701,2037,9993,1271,0.538977,1.0979
182801,2032,9899,1250,0.564206,1.14647
182901,2026,10047,1262,0.548437,1.11113
183001,2011,9925,1254,0.552019,1.11011
183101,2011,9940,1269,0.557127,1.12038
183201,2032,10159,1266,0.562125,1.14224
183301,2031,9980,1266,0.553578,1.12432
183401,2080,10059,1274,0.54231,1.12801
183501,2004,10048,1266,0.553738,1.10969
183601,2069,10146,1267,0.552817,1.14378
183701,2062,10041,1284,0.569801,1.17493
183801,2097,10189,1291,0.552613,1.15883
183901,2071,10350,1279,0.548907,1.13679
184001,2027,10140,1296,0.570139,1.15567
184101,2105,10388,1306,0.544715,1.14662
184201,2070,10412,1302,0.548501,1.1354
184301,2058,10285,1318,0.566136,1.16511
184401,2059,10269,1303,0.549965,1.13238
184501,2016,10284,1292,0.556544,1.12199
184601,2095,10480,1312,0.54764,1.1473
184701,2152,10551,1294,0.555572,1.19559
184801,2122,10404,1303,0.554366,1.17637
184901,2054,10312,1319,0.545046,1.11953
185001,2145,10275,1311,0.568612,1.21967
185101,2141,10470,1318,0.549124,1.17567
185201,2120,10338,1311,0.551076,1.16828
185301,2128,10325,1303,0.554354,1.17967
185401,2195,10688,1324,0.551729,1.21105
185501,2103,10601,1316,0.560523,1.17878
185601,2123,10446,1306,0.573313,1.21714
185701,2236,10597,1310,0.561922,1.25646
185801,2242,10572,1328,0.558243,1.25158
185901,2169,10406,1331,0.567373,1.23063
186001,2256,10565,1329,0.561274,1.26623
186101,2169,10661,1333,0.555802,1.20553
186201,2145,10590,1348,0.540261,1.15886
186301,2132,10459,1337,0.538928,1.14899
186401,2158,10639,1341,0.548417,1.18348
186501,2218,10693,1354,0.539811,1.1973
186601,2231,10672,1358,0.553298,1.23441
186701,2141,10761,1352,0.553809,1.1857
186801,2189,10809,1346,0.544809,1.19259
186901,2197,10795,1374,0.552452,1.21374
187001,2201,10685,1355,0.551447,1.21373
187101,2250,10839,1345,0.555485,1.24984
187201,2237,10931,1347,0.559143,1.2508
187301,2251,10857,1344,0.549337,1.23656
187401,2219,10806,1330,0.550772,1.22216
187501,2203,10809,1342,0.563675,1.24178
187601,2264,10718,1360,0.551811,1.2493
187701,2229,10707,1354,0.555866,1.23903
187801,2323,10988,1364,0.548569,1.27433
187901,2315,10936,1345,0.557209,1.28994
188001,2297,10960,1367,0.549056,1.26118
188101,2257,10917,1345,0.550792,1.24314
188201,2268,10945,1348,0.550095,1.24762
188301,2360,11023,1333,0.553976,1.30738
188401,2270,10929,1352,0.567478,1.28817
188501,2265,10970,1342,0.544817,1.23401
188601,2256,11053,1352,0.559593,1.26244
188701,2293,11014,1371,0.562259,1.28926
188801,2307,10995,1361,0.55701,1.28502
188901,2318,11103,1346,0.560477,1.29919
189001,2312,10923,1355,0.556902,1.28756
189101,2291,10807,1359,0.555421,1.27247
189201,2359,11186,1364,0.551538,1.30108
189301,2279,11084,1370,0.542482,1.23632
189401,2342,11313,1389,0.547549,1.28236
189501,2269,11203,1361,0.54017,1.22565
189601,2372,11241,1363,0.547655,1.29904
189701,2404,11504,1362,0.538229,1.2939
189801,2367,11205,1368,0.558142,1.32112
189901,2348,11155,1383,0.555794,1.305
190001,2401,11298,1377,0.536989,1.28931
190101,2336,11222,1364,0.564338,1.31829
190201,2364,11439,1375,0.548465,1.29657
190301,2363,11239,1378,0.542478,1.28188
190401,2343,11467,1397,0.546751,1.28104
190501,2346,11349,1396,0.554126,1.29998
190601,2482,11486,1397,0.559286,1.38815
190701,2415,11299,1388,0.550186,1.3287
190801,2416,11377,1386,0.550077,1.32899
190901,2408,11400,1405,0.538259,1.29613
191001,2402,11439,1394,0.552498,1.3271
191101,2395,11562,1400,0.55011,1.31751
191201,2314,11451,1394,0.551303,1.27571
191301,2425,11487,1409,0.543038,1.31687
191401,2473,11778,1405,0.543747,1.34469
191501,2533,11522,1409,0.55351,1.40204
191601,2384,11471,1410,0.547043,1.30415
191701,2419,11646,1401,0.550078,1.33064
191801,2478,11587,1404,0.553,1.37034
191901,2451,11602,1412,0.560367,1.37346
192001,2379,11593,1412,0.558241,1.32806
192101,2435,11564,1405,0.560432,1.36465
192201,2432,11627,1425,0.545399,1.32641
192301,2526,11607,1432,0.552115,1.39464
192401,2512,11763,1449,0.548797,1.37858
192501,2525,11883,1427,0.569418,1.43778
192601,2458,11863,1437,0.542327,1.33304
192701,2495,11792,1420,0.563813,1.40671
192801,2476,11801,1411,0.547533,1.35569
192901,2494,11731,1439,0.548322,1.36751
193001,2509,11886,1445,0.548399,1.37593
193101,2500,12098,1453,0.543705,1.35926
193201,2477,11846,1438,0.563049,1.39467
193301,2541,12018,1441,0.551032,1.40017
193401,2434,12050,1430,0.541416,1.31781
193501,2560,11988,1447,0.554473,1.41945
193601,2573,12197,1443,0.546703,1.40667
193701,2585,12194,1441,0.54858,1.41808
193801,2576,12084,1464,0.548522,1.41299
193901,2632,12187,1465,0.552311,1.45368
194001,2627,12084,1459,0.555518,1.45934
194101,2685,12192,1472,0.546997,1.46869
194201,2597,12334,1458,0.539823,1.40192
194301,2646,12273,1464,0.547352,1.44829
194401,2527,12215,1452,0.552306,1.39568
194501,2680,12181,1456,0.554279,1.48547
194601,2640,12163,1459,0.546363,1.4424
194701,2628,12237,1457,0.551234,1.44864
194801,2672,12356,1453,0.546039,1.45902
194901,2599,12201,1463,0.55139,1.43306
195001,2651,12367,1477,0.548895,1.45512
195101,2658,12336,1485,0.552848,1.46947
195201,2652,12307,1473,0.56753,1.50509
195301,2615,12204,1471,0.552928,1.44591
195401,2696,12359,1496,0.553947,1.49344
195501,2637,12446,1469,0.539802,1.42346
195601,2746,12529,1519,0.56217,1.54372
195701,2707,12536,1491,0.535034,1.44834
195801,2723,12566,1515,0.540498,1.47178
195901,2720,12471,1520,0.548628,1.49227
196001,2743,12615,1524,0.550788,1.51081
196101,2747,12695,1514,0.548313,1.50622
196201,2704,12510,1522,0.562575,1.5212
196301,2759,12548,1513,0.538706,1.48629
196401,2791,12901,1503,0.551956,1.54051
196501,2741,12884,1532,0.556905,1.52648
196601,2754,12757,1515,0.551948,1.52006
196701,2739,12772,1538,0.553269,1.5154
196801,2766,12791,1521,0.550894,1.52377
196901,2747,12819,1527,0.556203,1.52789
197001,2767,12763,1525,0.555663,1.53752
197101,2772,13001,1532,0.545892,1.51321
197201,2775,12781,1531,0.546264,1.51588
197301,2812,12922,1540,0.546502,1.53676
197401,2898,13037,1551,0.557076,1.61441
197501,2836,13157,1545,0.540271,1.53221
197601,2825,13023,1548,0.547214,1.54588
197701,2873,12855,1568,0.549138,1.57767
197801,2921,13016,1559,0.566397,1.65445
197901,2865,12965,1567,0.549893,1.57544
198001,2830,13103,1553,0.558255,1.57986
198101,2855,13160,1544,0.542029,1.54749
198201,2876,13015,1552,0.551169,1.58516
198301,2941,13082,1572,0.553964,1.62921
198401,2963,13022,1568,0.542528,1.60751
198501,2948,13083,1568,0.543904,1.60343
198601,2960,13404,1581,0.545056,1.61337
198701,2881,13234,1570,0.551513,1.58891
198801,2986,13186,1568,0.563046,1.68126
198901,2952,13276,1588,0.544564,1.60755
199001,3000,13416,1559,0.559966,1.6799
199101,2986,13392,1598,0.564757,1.68636
199201,2959,13272,1568,0.54274,1.60597
199301,3060,13305,1594,0.556031,1.70145
199401,3047,13562,1576,0.550486,1.67733
199501,3023,13432,1609,0.54505,1.64769
199601,3071,13667,1606,0.553027,1.69835
199701,3045,13598,1608,0.560653,1.70719
199801,3027,13591,1608,0.55785,1.68861
199901,3156,13575,1615,0.558574,1.76286
200001,3101,13885,1607,0.538928,1.67121
200101,3067,13592,1612,0.558697,1.71352
200201,3046,13590,1611,0.550622,1.6772
200301,3101,13513,1636,0.580337,1.79963
200401,3158,13877,1626,0.536978,1.69578
200501,3200,13879,1599,0.554107,1.77314
200601,3146,13880,1616,0.550793,1.73279
200701,3230,14036,1610,0.560061,1.809
200801,3152,13995,1592,0.55074,1.73593
200901,3172,13995,1627,0.560484,1.77786
201001,3197,13886,1620,0.559223,1.78783
201101,3213,14026,1632,0.555673,1.78538
201201,3247,14002,1661,0.560495,1.81993
201301,3224,14100,1646,0.56405,1.8185
201401,3237,14202,1663,0.55541,1.79786
201501,3314,14242,1641,0.561844,1.86195
201601,3234,14341,1656,0.548005,1.77225
201701,3263,14365,1636,0.539432,1.76017
201801,3237,14330,1628,0.561647,1.81805
201901,3325,14254,1647,0.550811,1.83145
202001,3258,14180,1651,0.565812,1.84341
202101,3338,14467,1670,0.549935,1.83568
202201,3334,14374,1662,0.549275,1.83128
202301,3317,14386,1685,0.553372,1.83554
202401,3253,14427,1651,0.554835,1.80488
202501,3342,14586,1682,0.55207,1.84502
202601,3316,14441,1658,0.566611,1.87888
202701,3376,14679,1692,0.565577,1.90939
202801,3381,14753,1677,0.556425,1.88127
202901,3421,14741,1673,0.542368,1.85544
203001,3398,14836,1657,0.552227,1.87647
203101,3339,14852,1690,0.556631,1.85859
203201,3375,14809,1702,0.551351,1.86081
203301,3438,14773,1667,0.544692,1.87265
203401,3421,14816,1705,0.557679,1.90782
203501,3388,14709,1720,0.552592,1.87218
203601,3379,14888,1701,0.548818,1.85446
203701,3516,14936,1687,0.546462,1.92136
203801,3487,15118,1688,0.551947,1.92464
203901,3421,15217,1687,0.550723,1.88402
204001,3452,15073,1696,0.5546,1.91448
204101,3439,14991,1712,0.549824,1.89084
204201,3482,15064,1712,0.562021,1.95696
204301,3531,15157,1708,0.554516,1.958
204401,3505,15132,1695,0.554826,1.94466
204501,3534,15278,1730,0.544694,1.92495
204601,3503,15141,1720,0.561997,1.96868
204701,3510,15205,1721,0.550342,1.9317
204801,3483,15348,1739,0.54289,1.89089
204901,3579,15517,1751,0.550213,1.96921
205001,3555,15348,1744,0.569427,2.02431
205101,3633,15536,1751,0.542767,1.97187
205201,3694,15688,1756,0.544394,2.01099
205301,3593,15615,1757,0.550894,1.97936
205401,3674,15645,1740,0.554578,2.03752
205501,3677,15725,1768,0.557187,2.04878
205601,3684,15785,1782,0.552187,2.03426
205701,3644,15805,1757,0.563144,2.0521
205801,3684,15789,1768,0.546786,2.01436
205901,3672,15768,1775,0.548093,2.0126
206001,3784,15778,1792,0.549763,2.0803
206101,3851,15903,1801,0.548647,2.11284
206201,3847,16230,1781,0.564892,2.17314
206301,3878,16095,1808,0.556924,2.15975
206401,3787,16234,1776,0.553013,2.09426
206501,3858,16228,1794,0.549384,2.11952
206601,3880,16302,1802,0.542654,2.1055
206701,3860,16373,1783,0.564109,2.17746
206801,3903,16434,1788,0.549943,2.14643
206901,3905,16810,1799,0.544667,2.12692
207001,3931,16561,1805,0.550674,2.1647
207101,3911,16417,1829,0.558615,2.18474
207201,3905,16649,1810,0.546969,2.13591
207301,3971,16677,1841,0.559584,2.22211
207401,3991,16763,1852,0.537957,2.14699
207501,3989,16882,1855,0.555354,2.21531
207601,3939,16994,1866,0.544281,2.14392
207701,4072,16875,1863,0.56809,2.31326
207801,4018,16951,1857,0.554486,2.22792
207901,4015,16891,1850,0.555057,2.22855
208001,4254,17101,1840,0.553356,2.35398
208101,4063,17210,1858,0.543693,2.20902
208201,4100,17225,1891,0.542286,2.22337
208301,4148,17301,1874,0.557301,2.31168
208401,4116,17210,1880,0.550074,2.26411
208501,4209,17274,1862,0.55504,2.33616
208601,4185,17540,1874,0.548068,2.29366
208701,4182,17327,1859,0.549334,2.29731
208801,4177,17270,1917,0.547777,2.28806
208901,4302,17522,1874,0.550519,2.36833
209001,4286,17632,1890,0.549126,2.35355
209101,4319,17698,1895,0.551909,2.38369
209201,4387,17845,1897,0.547529,2.40201
209301,4391,17779,1910,0.553475,2.43031
209401,4299,17862,1909,0.552278,2.37424
209501,4299,17973,1940,0.545735,2.34611
209601,4331,18083,1943,0.544928,2.36008
209701,4310,17903,1903,0.551429,2.37666
209801,4279,17850,1908,0.552286,2.36323
209901,4384,18122,1925,0.540507,2.36958
210001,4419,18027,1941,0.551133,2.43546
210101,4445,18014,1928,0.557359,2.47746
210201,4428,17925,1917,0.554655,2.45601
210301,4498,18337,1960,0.556158,2.5016
210401,4594,18281,1947,0.549837,2.52595
210501,4514,18297,1922,0.54922,2.47918
210601,4478,18042,1926,0.559821,2.50688
210701,4566,18436,1946,0.561881,2.56555
210801,4658,18636,1975,0.558299,2.60055
210901,4473,18739,1948,0.544946,2.43754
211001,4539,18746,1985,0.555313,2.52056
211101,4710,18930,1983,0.552395,2.60178
211201,4650,18999,1971,0.551644,2.56514
211301,4750,19134,1973,0.548643,2.60605
211401,4768,19128,1963,0.562027,2.67975
211501,4725,19124,1984,0.55863,2.63953
211601,4761,19249,2046,0.544531,2.59251
211701,4820,19185,2011,0.549144,2.64687
211801,4857,19466,2005,0.552614,2.68404
211901,4832,19358,2006,0.547303,2.64457
212001,4878,19386,2007,0.559424,2.72887
212101,4916,19660,2020,0.54958,2.70173
212201,4937,19576,2024,0.551871,2.72459
212301,4859,19699,2047,0.552158,2.68294
212401,4887,19842,2035,0.548721,2.6816
212501,4935,19847,2073,0.54936,2.71109
212601,4936,20010,2046,0.565201,2.78983
212701,5002,19972,2072,0.565922,2.83074
212801,4985,19995,2050,0.551664,2.75004
212901,5019,20173,2077,0.554755,2.78431
213001,5151,20554,2059,0.546226,2.81361
213101,5095,20507,2050,0.541716,2.76004
213201,5175,20405,2051,0.546548,2.82839
213301,5164,20528,2080,0.550197,2.84122
213401,5148,20644,2073,0.552224,2.84285
213501,5175,20397,2065,0.555668,2.87558
213601,5255,20530,2090,0.55628,2.92325
213701,5214,20650,2093,0.547385,2.85406
213801,5281,20989,2097,0.549507,2.90195
213901,5222,20953,2108,0.554452,2.89535
214001,5344,21158,2123,0.551141,2.9453
214101,5373,21144,2113,0.558453,3.00057
214201,5303,21285,2140,0.547569,2.90376
214301,5406,21429,2151,0.552588,2.98729
214401,5417,21339,2119,0.549839,2.97848
214501,5413,21434,2154,0.552616,2.99131
214601,5517,21663,2148,0.564556,3.11465
214701,5567,21874,2169,0.553219,3.07977
214801,5541,21864,2131,0.551866,3.05789
214901,5552,21900,2163,0.558293,3.09964
215001,5747,22159,2152,0.549776,3.15956
