cycle,Population_size,Deleterious_muts,Beneficial_muts,Mean_fitness,Intrinsic_fitness
1,1000,0,0,1.0,1.0
101,768,2215,36,0.530149,0.407155
201,749,2457,40,0.53481,0.400573
301,742,2493,48,0.566189,0.420112
401,737,2667,51,0.531882,0.391997
501,712,2717,59,0.541784,0.38575
601,764,2834,59,0.5352,0.408893
701,735,2855,56,0.567434,0.417064
801,749,2763,69,0.575199,0.430824
901,697,2789,51,0.543554,0.378857
1001,733,2832,62,0.558862,0.409646
1101,714,2911,67,0.569467,0.4066
1201,689,2845,53,0.539357,0.371617
1301,706,2836,49,0.547393,0.386459
1401,723,2854,65,0.526588,0.380723
1501,713,2834,62,0.544346,0.388119
1601,710,2957,57,0.559149,0.396996
1701,719,3109,58,0.52385,0.376648
1801,727,2956,74,0.56219,0.408712
1901,740,3112,62,0.523056,0.387061
2001,705,2992,75,0.523553,0.369105
2101,687,3067,61,0.52711,0.362124
2201,734,3070,71,0.554073,0.40669
2301,767,3086,75,0.54899,0.421076
2401,718,3082,72,0.524817,0.376818
2501,705,3072,72,0.532361,0.375315
2601,748,3049,77,0.564118,0.421961
2701,729,3167,66,0.538154,0.392314
2801,736,3116,70,0.54471,0.400907
2901,736,3121,70,0.522573,0.384614
3001,714,3127,80,0.533826,0.381152
3101,707,3104,74,0.535438,0.378555
3201,730,3088,79,0.561225,0.409694
3301,733,3054,84,0.54579,0.400064
3401,722,3083,84,0.55986,0.404219
3501,694,3131,70,0.561266,0.389518
3601,718,3128,67,0.553281,0.397256
3701,696,3122,85,0.541662,0.376997
3801,688,3116,86,0.551752,0.379605
3901,718,3114,68,0.543099,0.389945
4001,687,3077,74,0.559077,0.384086
4101,748,3260,67,0.548318,0.410142
4201,702,3193,83,0.519494,0.364685
4301,684,3138,76,0.541268,0.370227
4401,720,3184,82,0.555438,0.399915
4501,726,3285,86,0.546689,0.396896
4601,717,3249,99,0.541834,0.388495
4701,728,3274,78,0.535139,0.389581
4801,723,3111,80,0.541696,0.391646
4901,702,3178,81,0.517152,0.363041
5001,728,3164,87,0.542001,0.394577
5101,692,3161,96,0.548261,0.379397
5201,713,3275,81,0.565168,0.402965
5301,721,3273,85,0.543484,0.391852
5401,725,3292,84,0.549509,0.398394
5501,731,3237,77,0.539113,0.394092
5601,740,3227,80,0.539997,0.399598
5701,690,3179,85,0.539994,0.372596
5801,711,3300,89,0.549949,0.391014
5901,710,3305,98,0.52875,0.375413
6001,747,3393,104,0.528644,0.394897
6101,776,3325,111,0.562177,0.436249
6201,694,3284,105,0.550833,0.382278
6301,694,3327,112,0.550425,0.381995
6401,724,3368,101,0.581092,0.42071
6501,720,3412,112,0.569861,0.4103
6601,721,3386,109,0.532208,0.383722
6701,725,3437,109,0.536667,0.389084
6801,737,3507,107,0.556832,0.410385
6901,710,3428,104,0.543273,0.385724
7001,724,3391,109,0.56673,0.410313
7101,719,3442,102,0.553316,0.397834
7201,714,3417,100,0.551488,0.393763
7301,722,3496,111,0.540282,0.390083
7401,741,3460,107,0.552004,0.409035
7501,742,3483,101,0.541178,0.401554
7601,721,3467,109,0.526177,0.379374
7701,696,3474,109,0.549176,0.382226
7801,711,3447,104,0.542806,0.385935
7901,695,3407,116,0.540188,0.37543
8001,718,3401,112,0.541572,0.388849
8101,714,3400,107,0.510843,0.364742
8201,736,3408,110,0.557034,0.409977
8301,748,3472,116,0.539343,0.403429
8401,749,3480,115,0.546739,0.409508
8501,757,3460,114,0.535269,0.405199
8601,724,3466,106,0.553621,0.400821
8701,731,3548,104,0.550627,0.402508
8801,721,3461,117,0.540332,0.389579
8901,757,3431,114,0.549589,0.416039
9001,765,3485,111,0.543693,0.415925
9101,751,3547,121,0.550745,0.413609
9201,767,3526,126,0.550991,0.42261
9301,747,3556,122,0.520067,0.38849
9401,724,3620,119,0.538524,0.389892
9501,735,3565,126,0.545581,0.401002
9601,724,3541,133,0.554027,0.401115
9701,740,3633,124,0.540993,0.400335
9801,752,3584,133,0.549806,0.413454
9901,697,3544,121,0.540054,0.376417
10001,783,3611,120,0.561357,0.439542
10101,744,3589,130,0.571249,0.425009
10201,697,3654,132,0.544394,0.379443
10301,756,3648,136,0.553147,0.41818
10401,749,3599,125,0.541009,0.405216
10501,754,3676,120,0.543427,0.409744
10601,748,3730,117,0.529032,0.395716
10701,723,3781,114,0.534564,0.38649
10801,743,3624,122,0.553577,0.411307
10901,720,3595,125,0.556673,0.400805
11001,761,3736,123,0.550715,0.419094
11101,741,3696,133,0.54495,0.403808
11201,744,3667,116,0.5546,0.412623
11301,743,3603,115,0.534287,0.396975
11401,763,3675,118,0.555041,0.423496
11501,700,3604,118,0.522567,0.365797
11601,768,3691,113,0.549315,0.421874
11701,749,3644,129,0.556002,0.416446
11801,728,3625,135,0.537296,0.391152
11901,739,3735,130,0.530044,0.391702
12001,756,3815,132,0.554672,0.419332
12101,740,3664,131,0.549655,0.406745
12201,723,3722,155,0.534504,0.386446
12301,778,3711,148,0.53589,0.416923
12401,780,3685,156,0.532444,0.415306
12501,743,3607,155,0.531958,0.395245
12601,758,3724,149,0.545121,0.413201
12701,772,3772,143,0.522054,0.403026
12801,784,3791,137,0.537792,0.421629
12901,752,3744,141,0.563514,0.423762
13001,779,3761,144,0.552721,0.43057
13101,775,3837,148,0.545809,0.423002
13201,735,3664,145,0.541987,0.398361
13301,747,3733,142,0.534678,0.399404
13401,760,3700,129,0.542346,0.412183
13501,750,3838,142,0.528495,0.396371
13601,736,3644,126,0.561046,0.41293
13701,741,3716,132,0.559906,0.41489
13801,757,3730,143,0.551017,0.41712
13901,742,3821,147,0.569717,0.42273
14001,741,3791,148,0.549408,0.407112
14101,764,3770,169,0.555581,0.424464
14201,765,3798,158,0.558548,0.427289
14301,755,3841,159,0.545051,0.411513
14401,775,3835,152,0.563314,0.436569
14501,770,3871,158,0.527833,0.406431
14601,730,3854,158,0.547435,0.399628
14701,759,3919,144,0.535077,0.406124
14801,775,3918,150,0.547989,0.424692
14901,742,3894,150,0.533132,0.395584
15001,753,3893,146,0.548443,0.412978
15101,759,3900,152,0.565856,0.429485
15201,744,3821,136,0.534759,0.397861
15301,763,3949,143,0.545233,0.416013
15401,701,3827,148,0.545797,0.382604
15501,745,3874,153,0.56849,0.423525
15601,760,3960,141,0.550601,0.418457
15701,721,3934,142,0.544889,0.392865
15801,743,3977,152,0.561607,0.417274
15901,767,3940,160,0.536469,0.411472
16001,710,4003,149,0.536383,0.380832
16101,754,3938,161,0.562928,0.424448
16201,733,3903,148,0.525225,0.38499
16301,772,3965,164,0.551644,0.425869
16401,766,4044,176,0.563773,0.43185
16501,760,3892,159,0.558294,0.424303
16601,764,3888,167,0.539166,0.411923
16701,765,3994,155,0.537996,0.411567
16801,758,3961,167,0.540972,0.410057
16901,773,4060,162,0.543833,0.420383
17001,766,4048,160,0.556812,0.426518
17101,737,3967,160,0.569395,0.419644
17201,759,3917,166,0.550854,0.418098
17301,753,3956,161,0.559171,0.421056
17401,754,3905,168,0.577598,0.435509
17501,750,3931,172,0.554656,0.415992
17601,754,3886,161,0.562907,0.424432
17701,812,4028,169,0.561153,0.455656
17801,757,3995,179,0.516289,0.390831
17901,764,4022,161,0.548912,0.419368
18001,767,3969,155,0.538492,0.413023
18101,768,4029,168,0.551844,0.423816
18201,755,4022,167,0.552859,0.417408
18301,750,4109,170,0.554221,0.415666
18401,759,4032,175,0.554364,0.420762
18501,733,4109,170,0.536488,0.393246
18601,798,4100,175,0.518073,0.413422
18701,774,4099,176,0.542017,0.419521
18801,769,4054,186,0.534529,0.411053
18901,763,4205,193,0.565837,0.431733
19001,765,4200,191,0.5167,0.395275
19101,737,4024,192,0.541459,0.399056
19201,775,4118,176,0.539384,0.418022
19301,743,4160,180,0.519123,0.385708
19401,718,4105,170,0.54306,0.389917
19501,763,4095,164,0.528068,0.402916
19601,778,4220,174,0.525358,0.408728
19701,729,4100,178,0.549923,0.400894
19801,771,4342,167,0.54456,0.419855
19901,777,4167,174,0.536579,0.416922
20001,783,4065,181,0.553371,0.433289
20101,757,4212,162,0.545994,0.413317
20201,771,4144,181,0.540053,0.416381
20301,790,4214,171,0.540651,0.427114
20401,770,4222,174,0.55669,0.428652
20501,733,4201,180,0.544295,0.398968
20601,768,4157,184,0.53066,0.407547
20701,774,4203,182,0.546597,0.423066
20801,786,4179,178,0.575185,0.452096
20901,804,4177,184,0.547383,0.440096
21001,751,4172,179,0.556187,0.417696
21101,775,4229,192,0.562793,0.436164
21201,801,4244,190,0.543391,0.435256
21301,774,4256,179,0.535955,0.414829
21401,743,4204,169,0.55127,0.409594
21501,771,4250,187,0.564299,0.435075
21601,771,4221,184,0.532137,0.410278
21701,795,4294,181,0.560234,0.445386
21801,733,4248,190,0.531037,0.38925
21901,765,4347,194,0.562282,0.430145
22001,726,4255,183,0.579608,0.420795
22101,782,4278,178,0.544093,0.425481
22201,772,4331,184,0.538382,0.415631
22301,778,4223,193,0.527595,0.410469
22401,772,4294,180,0.568992,0.439262
22501,742,4375,204,0.548468,0.406963
22601,793,4345,186,0.554891,0.440029
22701,755,4336,186,0.547544,0.413396
22801,809,4422,178,0.574386,0.464678
22901,759,4426,187,0.528129,0.40085
23001,754,4334,195,0.553322,0.417205
23101,797,4364,203,0.572432,0.456228
23201,757,4358,198,0.537888,0.407182
23301,783,4425,213,0.548802,0.429712
23401,788,4439,200,0.530865,0.418322
23501,756,4393,218,0.548683,0.414804
23601,759,4312,194,0.545209,0.413814
23701,793,4399,213,0.549327,0.435616
23801,777,4379,205,0.548401,0.426108
23901,765,4375,200,0.555543,0.42499
24001,779,4497,201,0.572056,0.445632
24101,785,4449,199,0.540596,0.424368
24201,766,4355,201,0.533224,0.40845
24301,778,4438,209,0.532877,0.414578
24401,769,4359,207,0.546148,0.419987
24501,777,4498,203,0.537407,0.417565
24601,747,4444,201,0.561826,0.419684
24701,779,4484,205,0.534641,0.416486
24801,776,4473,216,0.556467,0.431818
24901,785,4555,211,0.575516,0.45178
25001,730,4435,217,0.558147,0.407447
25101,756,4485,215,0.54328,0.41072
25201,811,4526,215,0.536341,0.434973
25301,738,4506,220,0.556294,0.410545
25401,829,4490,223,0.564828,0.468242
25501,774,4663,208,0.519374,0.401995
25601,755,4589,220,0.541973,0.40919
25701,787,4457,214,0.547882,0.431183
25801,814,4498,211,0.548098,0.446152
25901,769,4519,227,0.526552,0.404919
26001,782,4546,213,0.559542,0.437562
26101,779,4572,212,0.558916,0.435395
26201,777,4497,224,0.530233,0.411991
26301,789,4525,232,0.539918,0.425995
26401,795,4486,218,0.55044,0.4376
26501,772,4508,219,0.574828,0.443767
26601,768,4542,233,0.543632,0.417509
26701,801,4626,223,0.524617,0.420218
26801,767,4663,210,0.526054,0.403483
26901,770,4588,231,0.55513,0.42745
27001,818,4607,226,0.518301,0.42397
27101,781,4652,237,0.546613,0.426905
27201,809,4728,219,0.535379,0.433121
27301,779,4555,224,0.553494,0.431171
27401,755,4554,226,0.55588,0.419689
27501,787,4616,233,0.53578,0.421659
27601,789,4599,217,0.571706,0.451076
27701,833,4709,230,0.527034,0.43902
27801,779,4747,230,0.524104,0.408277
27901,812,4814,227,0.543272,0.441137
28001,835,4728,217,0.547799,0.457412
28101,798,4666,225,0.541616,0.432209
28201,786,4691,227,0.540066,0.424492
28301,760,4650,224,0.556576,0.422997
28401,771,4584,227,0.561996,0.433299
28501,804,4551,237,0.570131,0.458385
28601,780,4632,241,0.510826,0.398444
28701,774,4791,218,0.520437,0.402818
28801,815,4673,225,0.543283,0.442775
28901,807,4735,220,0.53051,0.428122
29001,787,4601,232,0.550214,0.433018
29101,814,4649,226,0.551226,0.448698
29201,787,4709,229,0.528948,0.416282
29301,786,4683,237,0.559897,0.440079
29401,752,4646,241,0.545307,0.410071
29501,773,4621,233,0.531811,0.41109
29601,794,4696,240,0.533999,0.423996
29701,746,4733,228,0.54226,0.404526
29801,821,4845,255,0.526662,0.43239
29901,823,4827,252,0.524374,0.43156
30001,809,4807,243,0.53857,0.435703
30101,842,4829,254,0.539081,0.453906
30201,790,4752,240,0.540115,0.426691
30301,797,4736,240,0.533323,0.425059
30401,778,4726,237,0.562126,0.437334
30501,795,4861,231,0.534635,0.425035
30601,791,4842,241,0.551944,0.436587
30701,809,4801,244,0.519761,0.420486
30801,792,4778,240,0.524861,0.41569
30901,785,4858,256,0.548224,0.430356
31001,802,4870,246,0.53258,0.427129
31101,799,4870,252,0.518313,0.414132
31201,813,4878,249,0.551213,0.448136
31301,789,4931,248,0.556725,0.439256
31401,794,4977,243,0.554641,0.440385
31501,829,4895,249,0.522834,0.433429
31601,797,4930,254,0.550758,0.438954
31701,815,5033,246,0.539396,0.439608
31801,790,4908,244,0.555842,0.439115
31901,833,5052,259,0.520064,0.433213
32001,819,5020,259,0.546736,0.447777
32101,775,4891,255,0.53053,0.411161
32201,819,5017,259,0.531717,0.435477
32301,767,4885,259,0.546529,0.419188
32401,810,4985,268,0.570831,0.462373
32501,753,4872,267,0.530625,0.39956
32601,776,4901,263,0.555617,0.431158
32701,799,5057,262,0.563357,0.450122
32801,779,4994,259,0.563478,0.438949
32901,842,4964,264,0.50978,0.429235
33001,768,5038,279,0.529197,0.406423
33101,861,5171,278,0.525484,0.452442
33201,806,5092,275,0.545035,0.439298
33301,816,5029,270,0.54573,0.445316
33401,821,5048,269,0.554555,0.455289
33501,834,5083,256,0.534061,0.445407
33601,823,5147,269,0.559854,0.460759
33701,815,5140,267,0.538185,0.438621
33801,785,5159,266,0.532679,0.418153
33901,844,5041,272,0.550105,0.464288
34001,828,5093,269,0.522652,0.432756
34101,841,5116,274,0.536096,0.450856
34201,843,5077,274,0.561432,0.473287
34301,864,5038,263,0.544144,0.470141
34401,784,5012,260,0.55749,0.437072
34501,822,5096,268,0.536669,0.441142
34601,841,5169,260,0.541952,0.455781
34701,801,5023,263,0.55796,0.446926
34801,867,5182,267,0.568498,0.492888
34901,774,5111,277,0.559714,0.433219
35001,811,5048,287,0.567427,0.460183
35101,810,5158,281,0.538134,0.435888
35201,820,5092,274,0.529108,0.433868
35301,815,5115,289,0.549083,0.447503
35401,774,5056,287,0.540704,0.418505
35501,791,5142,291,0.541107,0.428015
35601,818,5203,293,0.541754,0.443155
35701,832,5219,296,0.53958,0.448931
35801,812,5081,291,0.536616,0.435732
35901,796,5124,287,0.54429,0.433255
36001,825,5062,297,0.545354,0.449917
36101,841,5184,295,0.539408,0.453642
36201,829,5161,298,0.546537,0.453079
36301,874,5214,299,0.551673,0.482162
36401,843,5285,292,0.535913,0.451775
36501,874,5283,295,0.52671,0.460344
36601,843,5190,298,0.537778,0.453347
36701,859,5199,295,0.54275,0.466222
36801,822,5304,298,0.5425,0.445935
36901,786,5239,298,0.52854,0.415432
37001,831,5138,292,0.546804,0.454394
37101,856,5288,302,0.549878,0.470696
37201,849,5344,306,0.526387,0.446902
37301,824,5288,310,0.530461,0.4371
37401,857,5249,301,0.534226,0.457832
37501,813,5244,304,0.539063,0.438258
37601,791,5351,317,0.553154,0.437545
37701,810,5302,309,0.532825,0.431588
37801,781,5291,301,0.573268,0.447722
37901,865,5318,310,0.539966,0.46707
38001,819,5447,301,0.535585,0.438644
38101,822,5271,303,0.556737,0.457638
38201,870,5380,304,0.540308,0.470068
38301,839,5379,310,0.552562,0.4636
38401,853,5427,299,0.537026,0.458083
38501,839,5413,295,0.528556,0.443458
38601,821,5339,299,0.55759,0.457781
38701,872,5399,297,0.53903,0.470034
38801,781,5351,297,0.55222,0.431284
38901,863,5470,297,0.530928,0.458191
39001,821,5346,301,0.537816,0.441547
39101,869,5453,300,0.539174,0.468542
39201,816,5352,303,0.55122,0.449796
39301,857,5436,306,0.537585,0.460711
39401,805,5402,295,0.544517,0.438336
39501,837,5377,303,0.537033,0.449497
39601,831,5468,306,0.517838,0.430324
39701,833,5564,319,0.54179,0.451311
39801,830,5547,312,0.553593,0.459482
39901,833,5512,307,0.540815,0.450499
40001,836,5426,311,0.538726,0.450375
40101,846,5559,326,0.537925,0.455085
40201,856,5537,310,0.547984,0.469074
40301,834,5507,316,0.522803,0.436018
40401,802,5543,306,0.541172,0.43402
40501,835,5489,314,0.532177,0.444368
40601,831,5398,321,0.568072,0.472068
40701,846,5511,320,0.535213,0.45279
40801,831,5483,309,0.556853,0.462745
40901,831,5480,308,0.540198,0.448905
41001,832,5441,323,0.545385,0.453761
41101,843,5596,322,0.560488,0.472491
41201,821,5557,322,0.533005,0.437597
41301,804,5543,312,0.568807,0.457321
41401,809,5557,319,0.531207,0.429746
41501,871,5567,312,0.544947,0.474649
41601,818,5506,299,0.5459,0.446546
41701,830,5447,323,0.521846,0.433132
41801,828,5523,326,0.541187,0.448103
41901,822,5471,325,0.544623,0.44768
42001,838,5535,312,0.521358,0.436898
42101,843,5523,318,0.552503,0.46576
42201,830,5482,327,0.549562,0.456136
42301,815,5491,324,0.534476,0.435598
42401,817,5559,318,0.555707,0.454013
42501,842,5586,320,0.553834,0.466328
42601,897,5621,330,0.556728,0.499385
42701,836,5656,329,0.57043,0.476879
42801,834,5581,321,0.552414,0.460713
42901,819,5543,331,0.5436,0.445208
43001,814,5442,322,0.556439,0.452941
43101,842,5575,318,0.538896,0.453751
43201,867,5592,320,0.546844,0.474114
43301,849,5546,316,0.53122,0.451006
43401,844,5570,321,0.531928,0.448947
43501,823,5534,327,0.536072,0.441187
43601,834,5574,329,0.542686,0.4526
43701,869,5644,320,0.531733,0.462076
43801,854,5603,313,0.551605,0.471071
43901,827,5669,322,0.581981,0.481298
44001,835,5612,334,0.542287,0.45281
44101,821,5639,332,0.55234,0.453471
44201,839,5734,335,0.567954,0.476514
44301,868,5707,358,0.533489,0.463069
44401,811,5581,346,0.541144,0.438868
44501,874,5748,340,0.537709,0.469958
44601,839,5647,345,0.549189,0.46077
44701,854,5677,353,0.531061,0.453526
44801,834,5780,356,0.523342,0.436467
44901,847,5777,335,0.552841,0.468257
45001,843,5757,335,0.539897,0.455133
45101,819,5733,338,0.537342,0.440083
45201,847,5755,338,0.533366,0.451761
45301,882,5843,352,0.553776,0.488431
45401,864,5938,344,0.556773,0.481052
45501,884,5859,348,0.534785,0.47275
45601,867,5877,349,0.513213,0.444955
45701,871,5868,362,0.566144,0.493112
45801,897,5764,374,0.56,0.50232
45901,859,5891,357,0.564165,0.484617
46001,864,5866,373,0.542065,0.468344
46101,871,5870,375,0.536658,0.46743
46201,909,5918,355,0.542649,0.493268
46301,909,5954,367,0.553507,0.503138
46401,869,5826,363,0.537601,0.467175
46501,904,5867,365,0.551379,0.498446
46601,879,5857,378,0.530212,0.466057
46701,869,5828,356,0.570646,0.495891
46801,868,5843,358,0.539701,0.46846
46901,836,5960,350,0.539531,0.451048
47001,878,5872,357,0.553943,0.486362
47101,901,5903,364,0.534556,0.481635
47201,853,5873,353,0.53255,0.454265
47301,907,5957,361,0.55604,0.504328
47401,902,5956,365,0.548474,0.494724
47501,884,5846,373,0.540307,0.477632
47601,902,5923,363,0.539939,0.487025
47701,879,5863,367,0.560705,0.492859
47801,890,5916,352,0.548774,0.488409
47901,877,5936,349,0.516512,0.452981
48001,862,5953,357,0.526933,0.454216
48101,871,5935,354,0.527205,0.459196
48201,897,6064,355,0.545429,0.489249
48301,924,6091,361,0.549081,0.50735
48401,901,5905,365,0.53509,0.482116
48501,853,6087,372,0.544778,0.464695
48601,890,6003,369,0.543035,0.483301
48701,886,6047,366,0.544147,0.482114
48801,948,5981,349,0.541463,0.513307
48901,873,6003,358,0.565112,0.493342
49001,898,6030,362,0.553369,0.496925
49101,877,5958,353,0.543646,0.476778
49201,884,5996,352,0.550058,0.486251
49301,892,6004,363,0.548583,0.489336
49401,872,6038,379,0.560396,0.488666
49501,886,6162,361,0.554541,0.491324
49601,883,6020,364,0.540096,0.476904
49701,884,5947,373,0.553667,0.489442
49801,868,5981,355,0.563477,0.489098
49901,889,6147,359,0.545867,0.485276
