cycle,Population_size,Deleterious_muts,Beneficial_muts,Mean_fitness,Intrinsic_fitness
1,1000,0,0,1.0,1.0
101,723,1668,37,0.577259,0.417358
201,709,1795,38,0.560073,0.397091
301,727,1840,42,0.537555,0.390802
401,669,2006,38,0.549384,0.367538
501,732,1954,50,0.556909,0.407657
601,715,2037,53,0.558638,0.399426
701,690,1986,53,0.58316,0.40238
801,704,2098,62,0.521843,0.367378
901,693,1983,57,0.552312,0.382753
1001,708,2074,71,0.558065,0.39511
1101,689,2118,55,0.565224,0.389439
1201,683,2079,61,0.553921,0.378328
1301,650,2075,64,0.570792,0.371015
1401,663,1997,66,0.552248,0.366141
1501,696,2021,64,0.542589,0.377642
1601,680,2006,55,0.575192,0.391131
1701,707,2066,55,0.576268,0.407421
1801,668,2076,66,0.535564,0.357757
1901,683,2097,46,0.572336,0.390906
2001,671,2107,59,0.555515,0.37275
2101,662,2067,53,0.535854,0.354736
2201,671,2125,59,0.552771,0.37091
2301,661,2040,62,0.534804,0.353505
2401,693,2109,69,0.56849,0.393964
2501,667,2176,67,0.536008,0.357518
2601,656,2079,71,0.535962,0.351591
2701,681,2125,73,0.547338,0.372737
2801,654,2136,70,0.557602,0.364671
2901,700,2134,72,0.588264,0.411785
3001,643,2115,66,0.553434,0.355858
3101,690,2154,71,0.568929,0.392561
3201,684,2127,70,0.572753,0.391763
3301,682,2189,66,0.537842,0.366808
3401,696,2173,72,0.544262,0.378806
3501,706,2235,74,0.535753,0.378242
3601,670,2195,69,0.571367,0.382816
3701,672,2194,83,0.565928,0.380303
3801,685,2190,75,0.544689,0.373112
3901,646,2214,72,0.544269,0.351598
4001,718,2159,80,0.549002,0.394184
4101,683,2178,73,0.523239,0.357372
4201,684,2098,91,0.543038,0.371438
4301,665,2186,73,0.560772,0.372913
4401,651,2214,80,0.547948,0.356714
4501,680,2250,79,0.536116,0.364559
4601,683,2135,76,0.56915,0.38873
4701,720,2167,85,0.560333,0.40344
4801,686,2346,78,0.53823,0.369226
4901,704,2354,81,0.53183,0.374408
5001,687,2275,76,0.546976,0.375773
5101,715,2245,93,0.575761,0.411669
5201,680,2263,84,0.54987,0.373911
5301,694,2325,85,0.54653,0.379292
5401,703,2216,91,0.555931,0.39082
5501,673,2342,76,0.551496,0.371157
5601,720,2401,85,0.558105,0.401835
5701,676,2283,75,0.556503,0.376196
5801,713,2364,83,0.551912,0.393513
5901,706,2301,88,0.557904,0.39388
6001,694,2301,83,0.577563,0.400829
6101,688,2250,95,0.53508,0.368135
6201,679,2265,87,0.52682,0.357711
6301,704,2282,81,0.506414,0.356515
6401,658,2241,100,0.536102,0.352755
6501,674,2261,92,0.560564,0.37782
6601,680,2257,90,0.542551,0.368935
6701,667,2287,94,0.54466,0.363289
6801,696,2301,91,0.544955,0.379289
6901,676,2271,94,0.558047,0.37724
7001,689,2312,91,0.533025,0.367254
7101,678,2323,82,0.545532,0.36987
7201,694,2268,89,0.564193,0.39155
7301,694,2315,94,0.555412,0.385456
7401,655,2263,98,0.549547,0.359954
7501,710,2248,90,0.544743,0.386768
7601,699,2312,91,0.559595,0.391157
7701,721,2289,103,0.54854,0.395498
7801,688,2306,90,0.554427,0.381446
7901,697,2295,100,0.568174,0.396017
8001,680,2301,110,0.542165,0.368672
8101,685,2291,104,0.54449,0.372976
8201,696,2372,86,0.535395,0.372635
8301,693,2188,92,0.545554,0.378069
8401,688,2290,87,0.561981,0.386643
8501,677,2271,98,0.565703,0.382981
8601,705,2275,99,0.540831,0.381286
8701,655,2303,109,0.563718,0.369236
8801,737,2322,95,0.578329,0.426229
8901,694,2308,99,0.554844,0.385062
9001,702,2403,97,0.551743,0.387323
9101,694,2372,92,0.568818,0.39476
9201,685,2333,94,0.547868,0.37529
9301,695,2308,119,0.557323,0.387339
9401,727,2410,112,0.553736,0.402566
9501,731,2373,99,0.569679,0.416435
9601,729,2374,108,0.560668,0.408727
9701,721,2389,118,0.540863,0.389962
9801,730,2366,109,0.568698,0.415149
9901,670,2370,114,0.527534,0.353448
10001,667,2358,102,0.566163,0.377631
10101,740,2337,105,0.533307,0.394647
10201,671,2300,97,0.553973,0.371716
10301,720,2382,104,0.578302,0.416377
10401,726,2388,103,0.566464,0.411253
10501,753,2458,93,0.535515,0.403243
10601,686,2480,93,0.533351,0.365879
10701,727,2547,107,0.538959,0.391823
10801,723,2475,112,0.539215,0.389852
10901,734,2414,114,0.569657,0.418129
11001,706,2424,114,0.559615,0.395088
11101,715,2385,129,0.573962,0.410383
11201,716,2444,117,0.528128,0.37814
11301,711,2456,115,0.54362,0.386514
11401,725,2499,111,0.55368,0.401418
11501,735,2414,105,0.551078,0.405043
11601,694,2367,106,0.559619,0.388375
11701,661,2390,111,0.571077,0.377482
11801,703,2425,112,0.557245,0.391744
11901,728,2532,109,0.528444,0.384707
12001,695,2363,125,0.581658,0.404252
12101,694,2454,108,0.555443,0.385477
12201,696,2434,109,0.54352,0.37829
12301,714,2437,116,0.585847,0.418295
12401,732,2533,108,0.545511,0.399314
12501,686,2519,113,0.570506,0.391367
12601,715,2487,106,0.544441,0.389276
12701,704,2482,115,0.560869,0.394852
12801,722,2558,114,0.54879,0.396226
12901,691,2447,109,0.56813,0.392578
13001,673,2454,105,0.535277,0.360242
13101,705,2468,116,0.552162,0.389274
13201,722,2475,104,0.547471,0.395274
13301,715,2501,112,0.568674,0.406602
13401,733,2509,113,0.552444,0.404941
13501,720,2487,113,0.538633,0.387816
13601,725,2560,115,0.520175,0.377127
13701,698,2538,112,0.540526,0.377287
13801,699,2590,116,0.569283,0.397929
13901,689,2556,104,0.562116,0.387298
14001,665,2454,105,0.556224,0.369889
14101,719,2489,117,0.553988,0.398318
14201,673,2467,112,0.563625,0.37932
14301,729,2498,125,0.549587,0.400649
14401,688,2537,120,0.540409,0.371802
14501,720,2564,128,0.538413,0.387657
14601,741,2539,141,0.54239,0.401911
14701,697,2448,112,0.526684,0.367099
14801,687,2500,119,0.554491,0.380935
14901,706,2543,120,0.553983,0.391112
15001,656,2529,107,0.557211,0.36553
15101,700,2526,123,0.560637,0.392446
15201,696,2521,115,0.531383,0.369842
15301,680,2576,130,0.53691,0.365099
15401,701,2570,121,0.560504,0.392913
15501,726,2526,129,0.572144,0.415377
15601,706,2450,128,0.554261,0.391308
15701,755,2651,141,0.559066,0.422095
15801,763,2523,127,0.525026,0.400595
15901,737,2549,135,0.555362,0.409302
16001,743,2568,142,0.55833,0.414839
16101,725,2478,132,0.551953,0.400166
16201,709,2642,123,0.523461,0.371134
16301,698,2589,123,0.548533,0.382876
16401,690,2593,129,0.559606,0.386128
16501,662,2587,124,0.572777,0.379178
16601,727,2451,130,0.558458,0.405999
16701,732,2623,137,0.541315,0.396243
16801,713,2579,124,0.573007,0.408554
16901,737,2557,129,0.552379,0.407103
17001,711,2562,115,0.560548,0.39855
17101,731,2560,125,0.541896,0.396126
17201,701,2526,127,0.549003,0.384851
17301,729,2495,126,0.574278,0.418649
17401,724,2466,128,0.559994,0.405436
17501,720,2560,133,0.554996,0.399597
17601,712,2570,119,0.602892,0.429259
17701,691,2592,132,0.528809,0.365407
17801,726,2534,144,0.565667,0.410674
17901,745,2616,128,0.537675,0.400568
18001,735,2573,127,0.565591,0.415709
18101,698,2573,136,0.534183,0.37286
18201,699,2547,133,0.557922,0.389988
18301,738,2635,134,0.513728,0.379131
18401,687,2610,137,0.537316,0.369136
18501,729,2676,131,0.560122,0.408329
18601,731,2683,142,0.538375,0.393552
18701,719,2611,130,0.56126,0.403546
18801,700,2581,137,0.556032,0.389223
18901,707,2554,142,0.55461,0.392109
19001,745,2596,135,0.57569,0.428889
19101,736,2651,132,0.535217,0.393919
19201,714,2577,131,0.593039,0.42343
19301,717,2667,127,0.549528,0.394012
19401,728,2645,130,0.582886,0.424341
19501,721,2597,137,0.537149,0.387285
19601,739,2714,142,0.563388,0.416344
19701,717,2663,133,0.563251,0.403851
19801,759,2634,126,0.553724,0.420276
19901,754,2635,132,0.541671,0.40842
20001,713,2652,139,0.531185,0.378735
20101,731,2648,150,0.526002,0.384507
20201,718,2642,133,0.528268,0.379296
20301,734,2637,139,0.559048,0.410341
20401,712,2681,145,0.560813,0.399299
20501,707,2604,140,0.541875,0.383106
20601,711,2658,124,0.536198,0.381237
20701,723,2636,134,0.543089,0.392653
20801,736,2529,135,0.55631,0.409445
20901,694,2599,140,0.562237,0.390193
21001,734,2616,132,0.550629,0.404162
21101,738,2754,133,0.536479,0.395921
21201,741,2622,143,0.562025,0.416461
21301,735,2644,147,0.559866,0.411502
21401,729,2645,140,0.537514,0.391848
21501,713,2671,149,0.5877,0.41903
21601,736,2717,144,0.567504,0.417683
21701,737,2640,148,0.560732,0.41326
21801,700,2658,153,0.568438,0.397907
21901,695,2640,146,0.580486,0.403438
22001,689,2680,147,0.565076,0.389337
22101,703,2723,151,0.53578,0.376653
22201,713,2757,146,0.566012,0.403567
22301,750,2742,151,0.564642,0.423481
22401,723,2629,137,0.550331,0.397889
22501,705,2689,145,0.541225,0.381563
22601,669,2618,153,0.559605,0.374376
22701,707,2648,156,0.551673,0.390033
22801,704,2720,158,0.535609,0.377069
22901,731,2744,139,0.546393,0.399413
23001,701,2755,137,0.55101,0.386258
23101,723,2624,156,0.540027,0.39044
23201,704,2596,147,0.544074,0.383028
23301,718,2647,151,0.541484,0.388786
23401,724,2738,151,0.544054,0.393895
23501,702,2665,161,0.564647,0.396382
23601,722,2694,145,0.548605,0.396093
23701,731,2657,161,0.566133,0.413843
23801,694,2656,151,0.549189,0.381137
23901,659,2691,149,0.554664,0.365523
24001,693,2741,149,0.571121,0.395787
24101,710,2771,149,0.551303,0.391425
24201,711,2776,150,0.5741,0.408185
24301,715,2754,156,0.543221,0.388403
24401,698,2733,163,0.569386,0.397431
24501,721,2718,155,0.567751,0.409348
24601,733,2711,157,0.557316,0.408513
24701,703,2755,148,0.526875,0.370393
24801,724,2794,157,0.535792,0.387913
24901,747,2829,160,0.547619,0.409072
25001,699,2787,158,0.558349,0.390286
25101,710,2800,160,0.523402,0.371615
25201,716,2821,163,0.530286,0.379685
25301,736,2725,163,0.585166,0.430682
25401,710,2687,173,0.550418,0.390797
25501,700,2777,173,0.581527,0.407069
25601,736,2811,167,0.572155,0.421106
25701,724,2850,172,0.534719,0.387137
25801,732,2786,164,0.548786,0.401712
25901,727,2794,150,0.554054,0.402797
26001,730,2889,162,0.526188,0.384117
26101,712,2856,168,0.551691,0.392804
26201,731,2791,169,0.575251,0.420508
26301,701,2804,165,0.583531,0.409055
26401,713,2857,170,0.528701,0.376964
26501,717,2823,175,0.559564,0.401207
26601,736,2807,181,0.553441,0.407332
26701,755,2791,165,0.580092,0.437969
26801,780,2844,165,0.535541,0.417722
26901,733,2780,173,0.569234,0.417249
27001,734,2914,185,0.581129,0.426549
27101,751,2806,174,0.542766,0.407617
27201,731,2865,176,0.535491,0.391444
27301,736,2824,182,0.555768,0.409045
27401,725,2864,179,0.555043,0.402406
27501,729,2875,165,0.560293,0.408454
27601,744,2884,174,0.553326,0.411675
27701,751,2804,170,0.574111,0.431158
27801,781,2869,170,0.539387,0.421261
27901,742,2893,184,0.560755,0.41608
28001,759,2978,180,0.539798,0.409707
28101,781,2910,186,0.558911,0.43651
28201,689,2831,188,0.551545,0.380014
28301,771,2956,179,0.551633,0.425309
28401,727,2940,178,0.551378,0.400852
28501,767,2950,177,0.56369,0.43235
28601,707,2907,184,0.558178,0.394632
28701,754,2909,199,0.531909,0.40106
28801,715,2885,188,0.557772,0.398807
28901,742,3000,186,0.553611,0.410779
29001,751,2928,198,0.533517,0.400671
29101,756,2954,194,0.552504,0.417693
29201,761,2999,211,0.547793,0.41687
29301,749,2953,193,0.551454,0.413039
29401,771,3050,213,0.52247,0.402825
29501,768,2942,199,0.572691,0.439826
29601,748,2909,202,0.566324,0.42361
29701,753,3045,189,0.558186,0.420314
29801,770,2994,198,0.547729,0.421751
29901,701,2970,196,0.532529,0.373303
30001,747,3044,196,0.561352,0.41933
30101,724,2939,198,0.558891,0.404637
30201,776,3005,200,0.571714,0.44365
30301,745,2949,189,0.554674,0.413232
30401,700,2906,198,0.592194,0.414536
30501,732,2964,189,0.567654,0.415523
30601,729,2975,196,0.518662,0.378105
30701,790,3053,190,0.554007,0.437665
30801,738,2999,196,0.542761,0.400558
30901,741,2943,207,0.578481,0.428655
31001,756,2976,202,0.582214,0.440154
31101,760,3015,202,0.530489,0.403172
31201,770,3117,198,0.570231,0.439078
31301,767,3069,216,0.558143,0.428096
31401,742,3060,205,0.562355,0.417268
31501,742,3005,210,0.562989,0.417738
31601,778,2961,218,0.556041,0.4326
31701,752,3080,207,0.536638,0.403552
31801,751,3002,213,0.561149,0.421423
31901,717,3020,204,0.562185,0.403087
32001,777,3040,212,0.556849,0.432672
32101,782,3096,215,0.563921,0.440986
32201,750,3022,212,0.573209,0.429907
32301,726,2971,194,0.563269,0.408933
32401,730,3038,217,0.548302,0.40026
32501,731,2991,214,0.563632,0.412015
32601,705,2932,208,0.548814,0.386914
32701,727,2999,212,0.534965,0.388919
32801,701,2984,213,0.537588,0.376849
32901,751,3025,216,0.515635,0.387242
33001,794,3083,214,0.553092,0.439155
33101,774,3179,216,0.555359,0.429848
33201,740,3037,216,0.534073,0.395214
33301,748,3030,222,0.533581,0.399118
33401,737,2957,224,0.57685,0.425138
33501,766,2903,223,0.585014,0.448121
33601,744,2979,211,0.559775,0.416472
33701,728,2850,235,0.560517,0.408056
33801,758,3009,232,0.524046,0.397227
33901,773,3179,229,0.521447,0.403078
34001,755,2985,230,0.539777,0.407531
34101,789,3087,228,0.54999,0.433942
34201,771,3101,217,0.544469,0.419786
34301,752,3102,212,0.548039,0.412126
34401,705,2949,215,0.532552,0.375449
34501,757,3097,224,0.532863,0.403378
34601,759,2989,235,0.546148,0.414526
34701,767,3019,214,0.564245,0.432776
34801,802,3014,233,0.572431,0.45909
34901,771,3040,217,0.556107,0.428759
35001,696,3089,223,0.569407,0.396307
35101,759,3132,222,0.554163,0.42061
35201,779,3080,224,0.561803,0.437645
35301,753,3077,226,0.540464,0.406969
35401,747,3025,222,0.539007,0.402638
35501,752,3023,226,0.535046,0.402355
35601,799,3141,213,0.552944,0.441802
35701,763,3177,229,0.54017,0.41215
35801,795,3155,236,0.569807,0.452996
35901,803,3184,231,0.53896,0.432785
36001,741,2984,239,0.54614,0.40469
36101,761,3098,242,0.561662,0.427425
36201,744,3180,245,0.542391,0.403539
36301,799,3155,239,0.580867,0.464112
36401,733,3068,245,0.550191,0.40329
36501,776,3247,245,0.53989,0.418955
36601,773,3183,249,0.539645,0.417146
36701,781,3114,244,0.558713,0.436354
36801,791,3163,230,0.551356,0.436123
36901,753,3178,241,0.532932,0.401298
37001,789,3178,242,0.541869,0.427534
37101,762,3222,242,0.554394,0.422448
37201,816,3310,240,0.539099,0.439905
37301,788,3188,240,0.520097,0.409836
37401,792,3304,248,0.553974,0.438747
37501,810,3219,245,0.558451,0.452345
37601,811,3294,247,0.553638,0.449
37701,787,3325,244,0.548265,0.431485
37801,804,3328,246,0.542239,0.43596
37901,807,3258,254,0.554381,0.447386
38001,755,3246,253,0.559452,0.422386
38101,752,3218,248,0.546166,0.410717
38201,791,3259,240,0.561999,0.444541
38301,813,3350,251,0.539663,0.438746
38401,790,3268,234,0.564166,0.445691
38501,795,3189,254,0.543907,0.432406
38601,801,3300,253,0.563422,0.451301
38701,814,3240,251,0.562251,0.457673
38801,764,3288,254,0.548849,0.419321
38901,821,3350,254,0.544762,0.44725
39001,791,3330,262,0.550654,0.435568
39101,830,3303,254,0.534484,0.443622
39201,785,3228,250,0.542318,0.42572
39301,833,3219,264,0.557216,0.464161
39401,791,3257,264,0.564738,0.446707
39501,788,3274,274,0.563943,0.444387
39601,790,3276,272,0.534091,0.421932
39701,765,3286,268,0.54734,0.418715
39801,797,3296,263,0.563738,0.449299
39901,786,3341,269,0.563873,0.443204
40001,776,3258,260,0.553439,0.429469
40101,811,3290,257,0.569112,0.461549
40201,814,3309,255,0.536685,0.436862
40301,811,3353,263,0.553978,0.449276
40401,821,3439,271,0.539026,0.44254
40501,770,3296,268,0.55341,0.426126
40601,786,3254,269,0.560674,0.440689
40701,757,3249,270,0.543091,0.41112
40801,809,3416,273,0.556708,0.450377
40901,812,3359,260,0.522359,0.424156
41001,791,3320,269,0.532632,0.421312
41101,797,3264,274,0.576838,0.45974
41201,772,3269,266,0.533487,0.411852
41301,810,3270,275,0.568719,0.460663
41401,796,3377,274,0.552204,0.439554
41501,778,3340,276,0.548375,0.426636
41601,832,3332,274,0.547449,0.455477
41701,776,3454,263,0.534769,0.414981
41801,784,3322,270,0.547836,0.429504
41901,795,3431,281,0.541947,0.430848
42001,794,3303,268,0.558357,0.443335
42101,803,3334,267,0.540124,0.43372
42201,795,3324,271,0.542859,0.431573
42301,803,3358,269,0.539973,0.433598
42401,822,3333,274,0.553121,0.454665
42501,778,3310,278,0.5247,0.408217
42601,778,3348,274,0.546068,0.424841
42701,811,3284,277,0.558948,0.453307
42801,744,3349,271,0.559233,0.416069
42901,761,3335,291,0.547319,0.41651
43001,806,3379,285,0.57343,0.462185
43101,742,3310,288,0.565487,0.419592
43201,770,3309,274,0.566233,0.435999
43301,783,3305,285,0.555342,0.434833
43401,812,3372,277,0.564136,0.458078
43501,778,3337,282,0.556521,0.432973
43601,798,3408,274,0.560294,0.447115
43701,788,3329,282,0.557722,0.439485
43801,791,3333,285,0.562791,0.445168
43901,789,3401,290,0.544906,0.429931
44001,790,3312,302,0.558414,0.441147
44101,819,3471,289,0.554775,0.454361
44201,806,3518,280,0.531724,0.42857
44301,807,3431,285,0.536288,0.432784
44401,778,3337,274,0.545464,0.424371
44501,776,3403,278,0.562387,0.436412
44601,774,3386,283,0.565251,0.437505
44701,806,3449,273,0.581345,0.468564
44801,769,3442,280,0.540111,0.415345
44901,789,3462,275,0.541797,0.427478
45001,802,3398,280,0.589791,0.473012
45101,806,3454,287,0.559526,0.450978
45201,767,3490,289,0.561606,0.430752
45301,779,3441,278,0.574655,0.447656
45401,779,3397,284,0.54515,0.424672
45501,833,3452,274,0.569099,0.47406
45601,779,3427,273,0.551127,0.429328
45701,771,3414,285,0.540867,0.417008
45801,775,3425,287,0.553428,0.428907
45901,773,3442,283,0.530602,0.410155
46001,787,3413,284,0.553431,0.43555
46101,801,3439,292,0.550255,0.440754
46201,782,3435,295,0.538704,0.421267
46301,749,3332,291,0.54266,0.406452
46401,786,3433,286,0.55248,0.43425
46501,764,3496,292,0.571087,0.436311
46601,823,3477,293,0.575651,0.473761
46701,769,3364,291,0.560474,0.431005
46801,761,3378,295,0.568789,0.432849
46901,772,3394,299,0.543997,0.419965
47001,783,3493,311,0.552608,0.432692
47101,787,3447,308,0.559508,0.440333
47201,766,3508,305,0.557092,0.426732
47301,794,3588,300,0.542558,0.430791
47401,814,3533,305,0.547781,0.445894
47501,767,3405,293,0.582905,0.447088
47601,803,3454,284,0.550632,0.442157
47701,803,3515,286,0.542399,0.435547
47801,804,3537,290,0.557889,0.448543
47901,835,3574,296,0.564965,0.471746
48001,788,3520,308,0.553322,0.436018
48101,785,3469,294,0.569227,0.446843
48201,818,3546,291,0.548235,0.448457
48301,840,3635,299,0.53412,0.448661
48401,809,3645,299,0.537605,0.434923
48501,836,3549,303,0.586922,0.490667
48601,792,3523,305,0.541191,0.428623
48701,841,3617,304,0.56867,0.478252
48801,778,3524,296,0.539797,0.419962
48901,808,3627,304,0.5278,0.426463
49001,831,3565,298,0.548547,0.455842
49101,804,3514,303,0.585293,0.470576
49201,810,3618,305,0.542476,0.439405
49301,827,3599,305,0.532428,0.440318
49401,813,3559,305,0.54334,0.441736
49501,833,3611,310,0.569977,0.474791
49601,824,3637,304,0.569417,0.4692
49701,844,3617,324,0.547369,0.461979
49801,818,3650,315,0.547771,0.448077
49901,838,3609,317,0.569166,0.476961
